p 3352 8855 1 1
 1 2
 1 22
 2 1
 2 3
 2 4
 3 2
 4 2
 4 21
 4 5
 5 8
 5 4
 6 7
 6 8
 7 6
 8 12
 8 5
 8 6
 9 159
 9 10
 9 11
 10 9
 11 151
 11 9
 11 172
 12 8
 12 13
 12 14
 13 12
 14 15
 14 16
 14 17
 14 12
 15 19
 15 20
 15 14
 16 18
 16 19
 16 14
 17 18
 17 21
 17 14
 18 16
 18 17
 18 19
 19 15
 19 16
 19 18
 20 15
 20 160
 20 157
 21 17
 21 4
 21 22
 22 23
 22 165
 22 21
 23 2967
 23 3
 23 22
 24 25
 25 24
 25 26
 25 70
 26 72
 26 25
 26 27
 27 26
 28 32
 28 29
 28 30
 29 41
 29 43
 29 28
 30 31
 30 33
 30 28
 31 128
 31 59
 31 30
 32 41
 32 34
 32 28
 33 34
 33 36
 33 30
 34 32
 34 33
 34 35
 35 47
 35 34
 35 37
 36 33
 36 37
 36 38
 37 58
 37 35
 37 36
 38 39
 38 57
 38 36
 39 40
 39 38
 40 39
 41 32
 41 42
 41 43
 41 29
 41 48
 42 41
 43 41
 43 29
 43 46
 44 51
 44 53
 44 45
 45 44
 46 56
 46 49
 46 43
 47 48
 47 35
 47 60
 48 47
 48 41
 48 49
 49 48
 49 50
 49 46
 50 64
 50 49
 50 56
 51 61
 51 44
 51 53
 51 52
 52 63
 52 51
 52 67
 53 55
 53 51
 53 44
 53 54
 54 53
 55 56
 55 53
 55 62
 56 55
 56 50
 56 46
 57 58
 57 59
 57 116
 57 38
 58 57
 58 117
 58 37
 58 60
 59 31
 59 57
 59 114
 60 47
 60 65
 60 58
 61 63
 61 51
 61 62
 62 55
 62 66
 62 61
 63 146
 63 52
 63 61
 64 65
 64 50
 64 123
 65 64
 65 122
 65 60
 65 117
 66 121
 66 131
 66 129
 66 62
 67 52
 68 130
 68 69
 69 68
 70 71
 70 25
 70 73
 71 72
 71 78
 71 70
 72 71
 72 26
 72 77
 73 87
 73 127
 73 70
 74 81
 74 75
 74 93
 75 74
 75 76
 76 75
 77 72
 77 81
 77 78
 78 79
 78 71
 78 82
 78 77
 78 80
 79 78
 80 86
 80 91
 80 78
 81 82
 81 74
 81 77
 82 81
 82 83
 82 78
 83 90
 83 82
 83 100
 84 85
 84 86
 85 84
 86 87
 86 80
 86 84
 87 73
 87 92
 87 86
 88 98
 88 89
 88 90
 89 88
 90 91
 90 88
 90 83
 91 80
 91 90
 91 92
 92 87
 92 91
 92 134
 93 97
 93 74
 93 94
 94 95
 94 96
 94 93
 95 94
 96 97
 96 98
 96 100
 96 94
 97 96
 97 99
 97 93
 98 88
 98 100
 98 101
 98 96
 99 103
 99 97
 99 101
 100 96
 100 98
 100 83
 101 98
 101 99
 101 102
 102 101
 103 104
 103 99
 103 108
 104 103
 104 105
 104 106
 105 104
 105 195
 105 198
 106 104
 106 198
 106 110
 107 111
 107 209
 107 108
 108 103
 108 107
 108 109
 108 110
 109 108
 110 200
 110 106
 110 108
 111 112
 111 113
 111 107
 112 111
 113 111
 113 211
 113 134
 114 59
 114 115
 114 116
 114 126
 115 114
 116 57
 116 114
 116 125
 116 118
 117 65
 117 58
 117 118
 118 119
 118 116
 118 117
 118 124
 119 118
 120 121
 120 122
 120 124
 121 120
 121 66
 121 123
 122 120
 122 65
 122 123
 123 64
 123 121
 123 122
 124 120
 124 125
 124 118
 125 124
 125 116
 125 126
 126 128
 126 114
 126 125
 127 128
 127 73
 127 133
 128 31
 128 127
 128 126
 129 66
 129 130
 129 141
 130 129
 130 68
 131 224
 131 66
 131 132
 132 131
 133 127
 133 135
 133 134
 134 113
 134 92
 134 133
 135 136
 135 133
 136 135
 137 138
 137 218
 138 137
 139 130
 139 141
 140 183
 140 139
 141 142
 142 187
 142 140
 143 144
 143 145
 144 143
 145 143
 145 146
 146 63
 146 152
 146 145
 147 148
 147 149
 148 147
 149 151
 149 147
 149 150
 150 149
 151 152
 151 11
 151 149
 152 151
 152 153
 152 146
 153 152
 153 154
 153 156
 154 153
 154 155
 155 154
 156 153
 156 172
 156 182
 157 20
 157 165
 157 158
 158 157
 159 160
 159 9
 159 172
 160 159
 160 161
 160 162
 160 20
 161 160
 162 167
 162 160
 162 163
 163 176
 163 162
 163 166
 164 167
 164 163
 164 171
 165 162
 165 157
 165 166
 166 23
 166 2970
 166 165
 167 168
 167 169
 167 164
 168 167
 169 170
 169 173
 169 174
 170 169
 170 171
 170 164
 171 2975
 171 170
 171 164
 171 190
 172 159
 172 11
 172 156
 172 173
 173 169
 173 172
 173 174
 174 175
 174 173
 174 182
 175 170
 175 188
 175 174
 176 177
 176 178
 176 163
 177 176
 178 176
 178 179
 179 178
 180 188
 180 181
 181 180
 182 183
 182 139
 182 156
 183 175
 183 184
 183 182
 184 183
 184 185
 184 313
 185 184
 186 187
 186 140
 187 224
 187 225
 187 186
 188 175
 188 191
 188 180
 189 190
 190 191
 190 192
 190 171
 190 189
 191 336
 191 188
 191 190
 192 336
 192 193
 192 190
 193 192
 193 194
 194 193
 195 727
 195 105
 195 196
 196 791
 196 727
 196 785
 196 195
 196 197
 197 729
 197 196
 197 733
 198 199
 198 200
 198 105
 198 106
 198 205
 199 198
 200 202
 200 198
 200 110
 201 209
 201 202
 201 230
 202 200
 202 201
 202 206
 203 204
 203 205
 204 203
 205 198
 205 203
 205 206
 206 207
 206 202
 206 205
 207 208
 207 267
 207 206
 208 207
 208 241
 208 238
 209 201
 209 210
 209 107
 209 214
 210 216
 210 209
 210 211
 211 113
 211 210
 211 220
 212 229
 212 213
 212 228
 213 212
 214 215
 214 209
 214 229
 215 231
 215 232
 215 222
 215 214
 216 217
 216 210
 216 222
 217 216
 218 137
 218 219
 218 220
 219 223
 219 218
 220 218
 220 211
 220 221
 221 242
 221 235
 221 220
 222 215
 222 216
 222 235
 223 219
 224 187
 224 225
 224 226
 224 131
 225 312
 225 316
 225 224
 226 224
 226 227
 226 316
 227 226
 228 212
 228 229
 228 230
 229 228
 229 212
 229 214
 230 201
 230 228
 230 238
 231 215
 232 215
 232 233
 232 234
 233 232
 233 236
 233 238
 234 239
 234 232
 234 235
 235 234
 235 221
 235 222
 236 240
 236 233
 236 237
 237 236
 238 208
 238 233
 238 230
 239 240
 239 234
 239 244
 240 239
 240 241
 240 236
 241 208
 241 265
 241 240
 242 271
 242 243
 242 244
 242 221
 243 242
 243 246
 244 239
 244 242
 244 245
 245 244
 246 243
 247 248
 247 249
 247 250
 248 247
 248 249
 248 259
 249 247
 249 248
 249 254
 250 263
 250 247
 251 256
 251 252
 251 253
 252 256
 252 258
 252 251
 253 727
 253 264
 253 251
 254 255
 254 256
 254 249
 255 257
 255 258
 255 254
 256 251
 256 252
 256 254
 257 255
 257 258
 257 261
 258 255
 258 257
 258 252
 259 248
 259 260
 259 262
 260 728
 260 259
 260 261
 260 262
 261 257
 261 260
 261 262
 262 259
 262 260
 262 261
 263 250
 264 728
 264 282
 264 253
 265 241
 265 266
 265 273
 266 271
 266 265
 266 269
 267 207
 267 268
 268 267
 269 266
 269 270
 270 269
 271 266
 271 272
 271 242
 272 271
 272 274
 272 277
 273 265
 273 274
 273 285
 273 278
 274 272
 274 273
 274 275
 275 274
 275 276
 276 275
 277 272
 277 291
 277 284
 278 279
 278 288
 278 273
 279 289
 279 282
 279 278
 280 281
 280 289
 281 280
 282 279
 282 264
 282 283
 283 297
 283 282
 283 739
 284 277
 285 273
 285 290
 285 300
 286 287
 286 290
 287 286
 288 289
 288 290
 288 278
 289 279
 289 280
 289 288
 290 288
 290 285
 290 286
 291 307
 291 292
 291 277
 292 417
 292 291
 292 294
 293 291
 293 294
 294 383
 294 376
 295 296
 295 300
 296 295
 297 739
 297 298
 297 283
 298 297
 298 299
 299 298
 300 295
 300 305
 300 307
 300 285
 301 303
 301 433
 301 302
 302 431
 302 416
 302 301
 303 304
 303 301
 303 310
 304 303
 305 306
 305 300
 305 740
 306 305
 306 309
 307 748
 307 308
 307 300
 308 311
 308 307
 308 292
 309 306
 310 303
 310 311
 310 433
 310 439
 311 310
 311 308
 311 750
 312 313
 312 186
 312 225
 313 184
 313 315
 313 312
 314 323
 314 315
 314 318
 315 313
 315 314
 315 317
 316 226
 316 293
 317 319
 317 315
 317 326
 318 338
 318 329
 318 314
 319 320
 319 324
 319 317
 320 319
 320 321
 320 323
 321 320
 321 322
 322 321
 323 320
 323 314
 323 332
 324 319
 324 325
 324 326
 325 327
 325 385
 325 324
 326 375
 326 328
 326 317
 327 395
 327 332
 327 333
 328 379
 328 325
 328 326
 329 344
 329 330
 329 331
 329 318
 330 329
 331 329
 331 332
 331 333
 332 327
 332 323
 332 324
 333 331
 333 348
 333 334
 334 335
 334 399
 334 333
 335 353
 335 515
 335 348
 335 334
 336 191
 336 192
 336 337
 336 338
 337 336
 338 343
 338 336
 338 339
 338 318
 339 354
 339 338
 339 340
 340 347
 340 344
 340 339
 341 343
 341 342
 342 341
 343 344
 343 338
 343 341
 344 343
 344 329
 344 340
 345 346
 345 357
 346 345
 347 331
 347 348
 347 340
 348 335
 348 347
 348 350
 349 351
 349 347
 349 350
 350 352
 350 353
 350 349
 351 367
 351 349
 351 365
 352 543
 352 368
 352 371
 353 335
 353 518
 353 350
 354 355
 354 339
 354 356
 355 354
 355 2975
 355 2986
 355 363
 356 359
 356 354
 356 357
 357 345
 357 356
 357 358
 358 360
 358 365
 358 357
 359 360
 359 363
 359 356
 360 359
 360 361
 360 358
 361 360
 361 362
 362 361
 363 359
 363 355
 363 364
 364 363
 364 365
 364 366
 365 351
 365 364
 365 358
 366 2987
 366 364
 366 2990
 367 351
 367 368
 367 369
 368 367
 368 352
 368 349
 369 367
 369 370
 369 372
 370 368
 370 369
 370 371
 371 370
 371 373
 371 374
 372 369
 372 370
 372 373
 373 2991
 373 3018
 373 372
 374 544
 374 546
 374 371
 375 312
 375 293
 376 375
 376 328
 377 378
 377 379
 378 377
 379 328
 379 377
 379 389
 380 381
 380 382
 381 380
 382 384
 382 380
 382 389
 383 384
 383 445
 384 383
 384 376
 384 382
 385 386
 385 396
 385 325
 386 385
 386 387
 386 388
 387 391
 387 386
 387 394
 388 400
 388 386
 388 398
 389 382
 389 379
 389 390
 390 391
 390 418
 390 389
 391 419
 391 387
 391 390
 392 393
 392 394
 392 422
 393 392
 393 419
 394 411
 394 387
 394 392
 395 327
 395 396
 395 398
 396 385
 396 395
 396 397
 397 396
 398 399
 398 395
 398 388
 399 398
 399 403
 399 334
 400 401
 400 402
 400 388
 401 400
 402 400
 402 412
 402 414
 403 399
 403 415
 403 406
 404 405
 404 406
 405 404
 406 407
 406 403
 406 404
 407 515
 407 524
 407 406
 408 409
 408 410
 409 408
 410 408
 410 411
 410 459
 411 456
 411 410
 411 394
 412 402
 412 413
 413 412
 414 415
 414 465
 414 402
 415 527
 415 403
 415 414
 416 302
 417 431
 417 426
 417 292
 418 423
 418 444
 418 390
 419 391
 419 393
 419 420
 420 423
 420 419
 420 421
 421 420
 421 429
 421 422
 422 392
 422 421
 422 456
 423 418
 423 420
 423 430
 424 425
 424 426
 425 424
 426 424
 426 417
 426 436
 427 384
 427 443
 428 429
 428 430
 429 464
 429 428
 429 421
 430 423
 430 447
 430 428
 431 432
 431 417
 431 302
 432 431
 432 434
 432 437
 433 437
 433 301
 433 310
 434 432
 434 435
 434 440
 435 434
 436 440
 436 426
 436 902
 437 432
 437 433
 437 438
 438 439
 438 823
 438 437
 438 440
 439 750
 439 438
 439 310
 440 834
 440 434
 440 436
 440 438
 441 442
 441 446
 442 441
 443 427
 443 444
 443 452
 444 447
 444 418
 444 443
 445 454
 445 446
 446 455
 446 441
 447 448
 447 444
 447 430
 448 447
 448 464
 448 451
 449 450
 449 451
 449 477
 450 449
 451 448
 451 449
 451 472
 452 427
 452 443
 452 453
 453 452
 453 454
 454 455
 454 839
 454 453
 455 839
 455 454
 455 446
 456 457
 456 411
 456 422
 457 456
 457 473
 457 458
 458 457
 458 459
 458 460
 459 465
 459 410
 459 458
 460 458
 460 461
 461 460
 462 463
 462 464
 463 462
 464 448
 464 429
 464 462
 465 459
 465 469
 465 414
 466 467
 466 468
 467 466
 468 466
 468 571
 468 469
 469 465
 469 468
 469 470
 470 471
 470 469
 471 470
 472 473
 472 474
 472 451
 473 472
 473 457
 473 475
 473 491
 474 472
 475 479
 475 473
 475 476
 476 496
 476 489
 476 475
 477 479
 477 449
 477 837
 477 478
 478 477
 479 480
 479 475
 479 484
 479 477
 480 479
 480 481
 480 486
 481 495
 481 480
 481 482
 482 481
 482 483
 482 485
 483 482
 484 479
 484 931
 484 934
 485 482
 485 500
 485 486
 486 487
 486 480
 486 485
 487 488
 487 950
 487 486
 488 487
 488 937
 488 939
 489 490
 489 491
 489 476
 490 489
 491 473
 491 489
 491 492
 492 497
 492 491
 492 493
 493 499
 493 492
 493 605
 493 494
 494 493
 495 496
 495 481
 495 500
 496 495
 496 497
 496 476
 497 496
 497 498
 497 499
 497 492
 498 497
 499 497
 499 508
 499 493
 499 502
 500 495
 500 501
 500 485
 501 503
 501 951
 501 953
 501 500
 502 503
 502 506
 502 499
 503 504
 503 501
 503 502
 504 503
 504 505
 504 506
 505 511
 505 504
 505 510
 506 504
 506 509
 506 502
 507 508
 507 509
 507 620
 508 507
 508 499
 508 605
 508 606
 509 514
 509 512
 509 506
 509 507
 510 505
 511 959
 511 512
 511 505
 511 958
 512 511
 512 509
 513 512
 513 961
 514 513
 514 1179
 514 509
 515 335
 515 520
 515 407
 516 517
 516 518
 517 516
 518 519
 518 353
 518 516
 519 520
 519 547
 519 518
 520 519
 520 523
 520 515
 521 522
 521 523
 522 521
 523 520
 523 521
 523 528
 524 407
 524 575
 524 582
 525 527
 525 526
 526 525
 527 415
 527 573
 527 525
 527 574
 528 547
 528 529
 528 523
 529 528
 529 530
 529 536
 530 529
 530 538
 530 534
 531 532
 531 533
 531 534
 532 531
 533 586
 533 531
 533 582
 534 584
 534 530
 534 531
 535 536
 535 537
 536 535
 536 529
 536 556
 537 535
 537 538
 537 555
 538 537
 538 530
 538 539
 538 585
 539 538
 539 540
 539 541
 540 592
 540 539
 540 542
 541 566
 541 539
 541 658
 541 558
 542 585
 542 587
 542 540
 543 352
 543 546
 543 547
 544 545
 544 374
 545 544
 546 543
 546 550
 546 374
 547 519
 547 543
 547 551
 547 528
 548 549
 548 550
 549 548
 550 559
 550 546
 550 548
 551 559
 551 552
 551 553
 551 547
 552 551
 552 554
 553 551
 553 556
 553 557
 554 552
 555 537
 555 556
 555 558
 556 536
 556 553
 556 555
 557 553
 557 562
 557 558
 558 555
 558 541
 558 557
 559 551
 559 563
 559 550
 560 561
 560 562
 560 563
 561 560
 562 560
 562 564
 562 557
 562 568
 563 559
 563 560
 563 567
 564 562
 564 565
 564 566
 565 564
 566 564
 566 541
 566 660
 567 568
 567 569
 567 563
 568 567
 568 665
 568 562
 569 567
 569 672
 569 570
 570 569
 571 601
 571 468
 571 572
 572 576
 572 571
 572 573
 573 527
 573 572
 573 574
 574 527
 574 575
 574 573
 575 578
 575 524
 575 574
 576 577
 576 572
 577 576
 578 575
 578 594
 578 579
 579 602
 579 578
 579 580
 580 579
 580 581
 580 614
 581 593
 581 580
 581 614
 582 583
 582 589
 582 524
 582 533
 583 582
 584 585
 584 586
 584 534
 585 584
 585 538
 585 542
 586 584
 586 588
 586 533
 587 542
 588 591
 588 586
 588 589
 588 590
 589 595
 589 596
 589 588
 589 582
 590 591
 590 592
 590 588
 590 600
 591 590
 591 596
 591 588
 592 656
 592 540
 592 590
 593 615
 593 594
 593 581
 594 593
 594 578
 594 595
 595 594
 595 627
 595 589
 596 591
 596 597
 596 589
 596 628
 597 636
 597 596
 597 598
 598 599
 598 600
 598 597
 599 598
 600 598
 600 637
 600 590
 601 602
 601 571
 601 605
 602 607
 602 601
 602 579
 603 608
 603 604
 604 603
 605 601
 605 508
 605 493
 606 607
 606 508
 606 605
 607 608
 607 609
 607 602
 607 606
 608 607
 608 603
 608 612
 608 613
 609 607
 609 610
 609 611
 610 609
 610 611
 611 609
 611 610
 611 620
 612 608
 613 615
 613 608
 613 616
 613 614
 614 613
 614 580
 614 581
 615 593
 615 643
 615 629
 615 613
 616 617
 616 618
 616 613
 617 616
 617 618
 617 1195
 618 616
 618 617
 618 619
 619 618
 619 646
 620 621
 621 624
 621 622
 622 623
 622 514
 623 622
 624 1191
 624 610
 624 621
 625 626
 625 627
 625 629
 626 625
 627 625
 627 595
 627 628
 628 627
 628 596
 628 630
 629 615
 629 625
 629 630
 630 631
 630 648
 630 628
 630 629
 631 632
 631 636
 631 630
 632 631
 632 649
 632 642
 632 650
 633 634
 633 635
 633 636
 633 637
 634 633
 635 633
 635 641
 635 638
 636 631
 636 633
 636 641
 636 597
 637 600
 637 633
 637 638
 638 639
 638 635
 638 637
 639 640
 639 680
 639 638
 640 639
 641 642
 641 635
 641 636
 642 632
 642 641
 643 615
 643 644
 643 645
 644 1217
 644 643
 644 646
 645 647
 645 643
 646 619
 646 644
 647 645
 648 1217
 648 1228
 648 630
 649 655
 649 632
 649 650
 650 632
 650 649
 650 651
 650 653
 651 650
 651 691
 651 652
 652 651
 653 655
 653 650
 653 654
 654 1431
 654 693
 654 653
 655 649
 655 1229
 655 653
 656 592
 656 657
 656 658
 657 656
 657 659
 658 656
 658 660
 658 541
 659 657
 660 658
 660 661
 660 566
 661 665
 661 660
 661 662
 662 663
 662 664
 662 661
 663 664
 663 681
 663 662
 664 663
 664 674
 664 662
 665 568
 665 666
 665 661
 666 665
 667 3024
 667 3042
 667 668
 667 669
 668 671
 668 667
 668 670
 669 3023
 669 667
 669 3022
 670 671
 670 672
 670 668
 671 668
 671 677
 671 670
 672 569
 672 673
 672 670
 673 672
 673 674
 673 677
 674 664
 674 673
 674 675
 675 674
 675 676
 676 675
 677 671
 677 673
 677 678
 678 679
 678 3047
 678 677
 679 714
 679 717
 679 678
 680 639
 680 681
 680 690
 681 663
 681 680
 681 684
 681 685
 681 686
 682 683
 682 686
 683 682
 684 681
 685 703
 685 681
 685 689
 686 681
 686 682
 686 689
 687 688
 687 689
 687 699
 688 687
 688 697
 688 690
 689 687
 689 685
 689 686
 690 680
 690 691
 690 688
 691 690
 691 651
 691 692
 692 691
 692 693
 692 694
 693 694
 693 692
 693 654
 694 695
 694 705
 694 692
 694 693
 695 1431
 695 696
 695 1433
 695 694
 696 695
 697 688
 697 698
 697 699
 698 697
 698 700
 699 687
 699 697
 699 701
 700 698
 701 699
 701 708
 701 702
 702 703
 702 724
 702 701
 703 711
 703 685
 703 702
 704 705
 704 706
 704 707
 705 704
 705 1433
 705 1436
 705 694
 706 704
 706 708
 706 1448
 707 1439
 707 704
 707 1450
 708 706
 708 725
 708 701
 709 711
 709 710
 710 709
 711 703
 711 723
 711 709
 712 713
 712 723
 712 717
 713 712
 713 722
 714 679
 714 715
 714 718
 715 714
 715 716
 716 715
 717 679
 717 712
 717 719
 718 719
 718 714
 718 3050
 719 722
 719 717
 719 718
 720 721
 720 722
 720 1500
 721 720
 721 723
 721 726
 722 719
 722 720
 722 713
 723 711
 723 712
 723 721
 724 726
 724 725
 724 702
 725 724
 725 708
 725 726
 726 721
 726 724
 726 725
 727 729
 727 195
 727 196
 727 253
 728 264
 728 729
 728 260
 728 736
 729 727
 729 728
 729 197
 730 731
 730 732
 731 730
 732 730
 732 733
 732 738
 733 784
 733 732
 733 197
 733 788
 734 735
 734 736
 735 747
 735 734
 736 728
 736 737
 736 734
 737 736
 737 738
 737 758
 738 792
 738 737
 738 732
 739 297
 739 283
 739 740
 740 305
 740 739
 740 741
 741 740
 741 748
 741 742
 742 743
 742 741
 743 742
 744 745
 744 746
 745 744
 745 747
 746 744
 747 735
 747 745
 747 757
 748 759
 748 749
 748 741
 749 751
 749 748
 749 308
 750 311
 750 439
 750 751
 750 752
 751 752
 751 755
 751 749
 751 750
 752 751
 752 756
 752 750
 753 754
 753 755
 754 753
 755 751
 755 753
 755 761
 755 756
 756 752
 756 755
 756 828
 757 759
 757 747
 757 758
 758 737
 758 778
 758 757
 759 760
 759 780
 759 757
 760 759
 760 761
 760 749
 761 760
 761 762
 761 755
 761 763
 762 769
 762 770
 762 761
 763 761
 763 770
 763 764
 764 1051
 764 763
 764 765
 765 830
 765 764
 765 766
 766 767
 766 768
 766 765
 767 861
 767 766
 768 858
 768 1051
 768 766
 769 762
 770 771
 770 762
 770 763
 771 783
 771 770
 771 772
 772 771
 772 773
 772 774
 773 772
 774 775
 774 873
 774 772
 775 871
 775 1052
 775 774
 776 777
 776 778
 777 776
 778 776
 778 779
 778 758
 779 778
 779 780
 779 781
 780 807
 780 779
 780 782
 781 795
 781 779
 781 797
 782 783
 782 760
 782 780
 783 801
 783 1074
 783 771
 783 782
 784 733
 785 196
 786 787
 786 796
 787 786
 788 789
 788 733
 789 788
 789 790
 790 791
 790 2675
 790 811
 790 789
 791 196
 791 790
 792 738
 792 795
 792 796
 793 794
 793 795
 794 793
 795 792
 795 793
 795 781
 796 792
 796 786
 796 811
 797 806
 797 781
 797 798
 798 2679
 798 811
 798 797
 799 800
 799 801
 800 799
 801 783
 801 799
 801 802
 801 803
 802 801
 802 1074
 802 1075
 803 801
 803 2099
 803 804
 804 810
 804 803
 804 805
 805 807
 805 804
 805 782
 806 807
 806 797
 806 814
 807 815
 807 805
 807 806
 808 809
 808 810
 809 808
 810 808
 810 818
 810 804
 810 2102
 811 798
 811 796
 811 790
 812 813
 812 814
 813 812
 814 816
 814 812
 814 806
 815 816
 815 820
 816 815
 816 2678
 816 814
 817 818
 817 805
 818 2105
 818 810
 818 2195
 818 817
 819 820
 819 821
 819 2678
 820 819
 820 2196
 820 2206
 821 2680
 821 819
 821 822
 822 821
 823 824
 823 825
 823 438
 824 823
 825 823
 825 826
 825 827
 825 845
 826 825
 826 834
 826 835
 827 825
 827 829
 828 756
 828 829
 828 830
 829 863
 829 864
 829 827
 829 828
 830 858
 830 828
 830 765
 831 832
 831 833
 831 845
 832 831
 833 831
 833 864
 833 827
 834 440
 834 850
 834 826
 835 826
 835 836
 835 845
 836 835
 837 843
 837 477
 837 838
 838 837
 839 455
 839 903
 839 842
 840 842
 840 453
 841 840
 841 842
 841 844
 842 839
 842 841
 843 931
 843 844
 843 837
 844 841
 844 930
 844 843
 845 831
 845 825
 845 835
 845 846
 846 847
 846 848
 846 845
 847 879
 847 852
 847 846
 848 849
 848 852
 848 846
 849 848
 849 850
 849 851
 850 856
 850 849
 850 834
 851 855
 851 849
 851 882
 852 847
 852 848
 852 853
 852 880
 853 855
 853 852
 853 854
 854 853
 855 882
 855 851
 855 885
 855 853
 856 850
 856 857
 856 898
 857 856
 858 768
 858 859
 858 860
 858 830
 859 858
 859 861
 860 863
 860 858
 860 875
 860 862
 861 767
 861 859
 862 860
 863 874
 863 860
 863 829
 864 833
 864 867
 864 865
 865 866
 865 868
 866 879
 866 881
 866 891
 867 864
 867 874
 867 870
 868 865
 868 891
 868 869
 869 878
 869 868
 869 870
 870 867
 870 869
 871 775
 871 872
 871 873
 872 871
 872 875
 872 877
 873 871
 873 1051
 873 774
 874 863
 874 875
 874 867
 874 876
 875 872
 875 874
 875 860
 876 874
 876 877
 876 878
 877 872
 877 876
 877 1054
 878 913
 878 876
 878 869
 879 847
 879 833
 879 866
 880 879
 880 881
 880 852
 881 880
 881 892
 881 884
 882 855
 882 896
 882 851
 882 886
 883 880
 883 884
 884 887
 885 855
 885 883
 886 882
 886 885
 887 888
 887 889
 888 887
 888 915
 888 894
 889 890
 889 886
 890 895
 890 904
 890 889
 890 916
 891 913
 891 866
 891 868
 891 892
 892 881
 892 891
 892 893
 893 914
 893 892
 893 894
 894 888
 894 915
 894 893
 895 896
 895 890
 895 906
 896 895
 896 897
 896 882
 897 896
 898 856
 898 899
 898 901
 899 898
 899 900
 899 901
 900 899
 900 908
 900 902
 901 899
 901 898
 901 907
 902 903
 902 436
 902 900
 903 839
 903 912
 903 985
 903 902
 904 905
 904 890
 904 906
 905 919
 905 904
 905 907
 905 909
 906 895
 906 904
 906 907
 907 905
 907 906
 907 908
 907 901
 908 912
 908 907
 908 900
 908 910
 909 911
 909 912
 909 993
 909 905
 910 911
 910 908
 911 921
 911 909
 911 910
 912 903
 912 908
 912 909
 913 1057
 913 914
 913 891
 913 878
 914 913
 914 893
 914 918
 915 888
 915 916
 915 894
 916 919
 916 890
 916 915
 916 917
 917 916
 918 1058
 918 922
 918 914
 919 920
 919 905
 919 916
 920 919
 920 921
 920 922
 921 911
 921 920
 921 924
 922 920
 922 923
 922 918
 923 922
 923 924
 923 925
 924 921
 924 923
 924 926
 925 1065
 925 923
 925 1061
 926 927
 926 928
 926 924
 927 1063
 927 929
 927 926
 928 929
 928 994
 928 926
 929 927
 929 928
 929 1091
 930 945
 930 844
 930 932
 931 843
 931 484
 931 933
 931 942
 932 945
 932 930
 932 933
 933 944
 933 931
 933 932
 934 935
 934 936
 934 937
 934 484
 935 936
 935 939
 935 941
 935 934
 936 935
 936 940
 936 934
 937 488
 937 938
 937 934
 938 937
 939 935
 939 488
 939 952
 940 936
 940 941
 940 942
 941 935
 941 947
 941 940
 942 943
 942 944
 942 931
 942 940
 943 944
 943 965
 943 942
 944 943
 944 933
 944 942
 945 946
 945 930
 945 932
 946 945
 947 956
 947 941
 947 966
 948 986
 948 989
 948 949
 949 948
 950 487
 950 951
 950 952
 951 954
 951 501
 951 950
 952 939
 952 956
 952 950
 953 954
 953 955
 953 501
 953 958
 954 951
 954 967
 954 953
 954 955
 954 956
 955 953
 955 954
 956 952
 956 954
 956 947
 956 957
 956 966
 957 956
 958 511
 958 953
 958 964
 959 511
 959 960
 959 963
 960 959
 960 961
 961 960
 961 513
 961 962
 962 961
 962 963
 962 1180
 963 959
 963 962
 963 964
 964 971
 964 977
 964 963
 964 958
 965 943
 965 972
 965 990
 966 967
 966 947
 966 956
 967 954
 967 971
 967 966
 968 1016
 968 969
 968 970
 969 968
 970 975
 970 968
 970 972
 970 1014
 971 967
 971 972
 971 973
 971 964
 972 970
 972 971
 972 965
 972 974
 973 971
 973 981
 973 974
 974 975
 974 979
 974 972
 974 973
 975 976
 975 970
 975 1020
 975 974
 976 975
 977 1185
 977 978
 977 964
 978 984
 978 977
 978 982
 979 1026
 979 974
 980 1024
 980 979
 981 1025
 981 980
 981 973
 982 983
 982 978
 982 1027
 983 984
 983 1200
 983 1029
 983 982
 984 983
 984 978
 984 1197
 984 1198
 985 903
 985 993
 985 986
 985 995
 986 1001
 986 985
 986 948
 986 988
 987 991
 987 988
 987 989
 988 991
 988 986
 988 987
 989 1035
 989 987
 989 948
 989 990
 990 1015
 990 989
 990 965
 990 1022
 991 992
 991 1002
 991 987
 991 988
 991 1035
 992 991
 993 985
 993 994
 993 909
 994 928
 994 993
 994 1000
 994 998
 995 985
 995 1001
 995 996
 996 995
 996 997
 996 998
 997 1000
 997 996
 997 1004
 998 999
 998 994
 998 996
 999 998
 1000 1090
 1000 994
 1000 997
 1001 986
 1001 995
 1001 1002
 1002 991
 1002 1001
 1002 1003
 1002 1006
 1003 1002
 1003 1036
 1004 1005
 1004 997
 1004 1006
 1005 1004
 1006 1007
 1006 1002
 1006 1004
 1006 1092
 1007 1008
 1007 1009
 1007 1006
 1008 1095
 1008 1007
 1008 1092
 1008 1013
 1009 1007
 1009 1114
 1009 1010
 1010 1009
 1010 1003
 1011 1012
 1011 1013
 1012 1011
 1013 1008
 1013 1011
 1013 1093
 1014 1016
 1014 970
 1014 1018
 1015 1016
 1015 1017
 1015 1022
 1015 990
 1016 1015
 1016 968
 1016 1014
 1017 1015
 1017 1018
 1017 1022
 1018 1017
 1018 1019
 1018 1014
 1019 1018
 1019 1020
 1019 1022
 1020 975
 1020 1026
 1020 1019
 1020 1021
 1021 1020
 1022 1015
 1022 1023
 1022 1017
 1022 1019
 1022 990
 1023 1022
 1024 1025
 1024 1026
 1024 980
 1025 1024
 1025 1042
 1025 1027
 1025 981
 1026 1024
 1026 979
 1026 1020
 1027 1025
 1027 1028
 1027 982
 1028 1032
 1028 1027
 1028 1029
 1029 1031
 1029 1028
 1029 1030
 1030 1288
 1030 1300
 1030 1029
 1030 1200
 1031 1032
 1031 1030
 1032 1031
 1032 1289
 1032 1028
 1033 1034
 1033 1294
 1034 1033
 1035 991
 1035 1036
 1035 989
 1036 1039
 1036 1035
 1036 1003
 1036 1038
 1037 1117
 1037 1038
 1038 1115
 1038 1036
 1038 1037
 1039 1040
 1039 1036
 1039 1046
 1040 1039
 1040 1041
 1041 1040
 1042 1025
 1042 1043
 1042 1044
 1043 1042
 1044 1042
 1044 1045
 1044 1046
 1045 1047
 1045 1044
 1045 1310
 1046 1039
 1046 1047
 1046 1123
 1046 1044
 1047 1048
 1047 1045
 1047 1046
 1048 1047
 1048 1049
 1048 1314
 1048 1668
 1049 1048
 1049 1050
 1049 1124
 1050 1127
 1050 1049
 1050 1138
 1051 768
 1051 873
 1051 764
 1052 775
 1052 1053
 1053 1052
 1054 1055
 1054 1056
 1054 877
 1055 1054
 1056 1057
 1056 1073
 1056 1054
 1057 1056
 1057 913
 1057 1059
 1058 1059
 1058 1061
 1058 918
 1059 1057
 1059 1058
 1059 1060
 1060 1059
 1061 1058
 1061 925
 1061 1062
 1062 1061
 1063 927
 1063 1064
 1063 1083
 1064 1063
 1065 1066
 1065 1077
 1065 925
 1066 1065
 1066 1067
 1067 1066
 1068 1069
 1068 1070
 1069 1068
 1070 1074
 1070 1076
 1070 1068
 1071 1072
 1071 1073
 1072 1071
 1073 1071
 1073 1056
 1073 2100
 1074 783
 1074 802
 1074 1070
 1075 2097
 1075 802
 1075 1076
 1076 1075
 1076 2099
 1076 1070
 1077 1065
 1077 1082
 1077 1078
 1078 1077
 1079 1080
 1079 1101
 1080 1079
 1081 1082
 1081 1083
 1081 1085
 1082 1081
 1082 1084
 1082 1077
 1083 1063
 1083 1081
 1083 1091
 1083 1101
 1084 1082
 1084 2100
 1084 1149
 1085 1081
 1085 1148
 1085 1086
 1086 1085
 1087 1088
 1087 1091
 1088 1087
 1088 1089
 1089 1088
 1089 1090
 1090 1000
 1090 1089
 1090 1098
 1091 1087
 1091 929
 1091 1083
 1091 1102
 1092 1095
 1092 1008
 1092 1006
 1093 1099
 1093 1013
 1093 1094
 1094 1093
 1094 1118
 1095 1008
 1095 1092
 1095 1096
 1096 1095
 1096 1097
 1096 1098
 1097 1096
 1098 1104
 1098 1090
 1098 1096
 1098 1110
 1099 1100
 1099 1093
 1100 1099
 1101 1079
 1101 1103
 1101 1083
 1102 1103
 1102 1106
 1102 1091
 1103 1107
 1103 1101
 1103 1102
 1104 1106
 1104 1098
 1104 1105
 1105 1104
 1106 1104
 1106 1107
 1106 1108
 1106 1102
 1107 1103
 1107 1106
 1107 1109
 1108 1106
 1108 1140
 1108 1109
 1108 1110
 1109 1145
 1109 1107
 1109 1108
 1110 1111
 1110 1098
 1110 1131
 1110 1108
 1111 1129
 1111 1110
 1111 1118
 1112 1114
 1112 1010
 1113 1112
 1113 1115
 1114 1009
 1114 1094
 1115 1113
 1115 1116
 1115 1038
 1116 1120
 1116 1115
 1116 1117
 1117 1119
 1117 1116
 1117 1037
 1118 1111
 1118 1121
 1118 1113
 1119 1120
 1119 1123
 1119 1117
 1120 1119
 1120 1122
 1120 1116
 1120 1125
 1121 1129
 1121 1122
 1121 1118
 1122 1135
 1122 1120
 1122 1121
 1123 1119
 1123 1125
 1123 1046
 1124 1127
 1124 1049
 1124 1137
 1125 1120
 1125 1123
 1125 1136
 1125 1126
 1126 1125
 1127 1128
 1127 1050
 1127 1124
 1128 1127
 1129 1111
 1129 1121
 1129 1130
 1130 1129
 1131 1135
 1131 1132
 1131 1110
 1132 1143
 1132 1131
 1132 1141
 1132 1133
 1133 1135
 1133 1132
 1133 1134
 1134 1133
 1135 1136
 1135 1122
 1135 1131
 1135 1133
 1136 1135
 1136 1137
 1136 1125
 1137 1136
 1137 1161
 1137 1138
 1137 1124
 1138 1163
 1138 1137
 1138 1050
 1138 1139
 1139 1680
 1139 1138
 1139 1685
 1140 1144
 1140 1146
 1140 1108
 1141 1132
 1141 1142
 1142 1141
 1143 1144
 1143 1155
 1143 1132
 1144 1143
 1144 1146
 1144 1140
 1145 1146
 1145 1154
 1145 1109
 1145 1150
 1146 1144
 1146 1145
 1146 1147
 1146 1140
 1147 1146
 1148 1149
 1148 1085
 1148 1150
 1149 2106
 1149 1084
 1149 1148
 1150 1151
 1150 1145
 1150 1148
 1151 1154
 1151 2115
 1151 1150
 1152 1153
 1152 1154
 1152 1155
 1153 1159
 1153 1152
 1153 1156
 1153 1158
 1154 1151
 1154 1152
 1154 1145
 1155 1143
 1155 1152
 1155 1160
 1156 1153
 1156 1162
 1156 1157
 1157 2114
 1157 1156
 1157 2117
 1158 1153
 1159 1153
 1159 2114
 1159 2115
 1160 1161
 1160 1162
 1160 1155
 1161 1160
 1161 1137
 1161 1163
 1161 1171
 1162 1160
 1162 1156
 1162 2117
 1163 1161
 1163 1138
 1163 1164
 1164 1167
 1164 1168
 1164 1163
 1165 1163
 1165 1166
 1166 1165
 1167 1169
 1167 1170
 1167 1164
 1168 1164
 1169 1167
 1169 1824
 1169 1170
 1169 1171
 1170 1167
 1170 1687
 1170 1169
 1170 1818
 1171 1169
 1171 1161
 1171 1174
 1172 1175
 1172 1174
 1173 1176
 1173 1172
 1174 1824
 1174 1825
 1174 1171
 1174 1172
 1174 1176
 1175 1178
 1175 1173
 1176 1826
 1176 1173
 1176 1174
 1177 1178
 1177 1171
 1177 2125
 1178 1175
 1178 1177
 1178 2130
 1179 624
 1179 514
 1179 1180
 1179 1181
 1180 962
 1180 1179
 1180 1181
 1181 1179
 1181 1182
 1182 1183
 1182 1189
 1182 1181
 1183 1188
 1183 1182
 1184 1185
 1184 1186
 1184 1188
 1185 1184
 1185 977
 1185 1186
 1186 1184
 1186 1185
 1186 1187
 1187 1186
 1187 1194
 1187 1190
 1188 1183
 1188 1184
 1188 1190
 1189 1191
 1189 1182
 1190 1192
 1190 1188
 1190 1189
 1191 624
 1191 1193
 1191 1189
 1192 1193
 1192 1194
 1192 1190
 1193 1191
 1193 1192
 1193 1196
 1194 1202
 1194 1187
 1195 617
 1195 1196
 1195 1206
 1196 1193
 1196 1195
 1197 984
 1198 1199
 1198 984
 1198 1202
 1198 1187
 1199 1198
 1200 983
 1200 1201
 1201 1216
 1201 1306
 1201 1307
 1201 1200
 1202 1211
 1202 1203
 1202 1198
 1203 1202
 1203 1204
 1203 1205
 1204 1207
 1204 1203
 1204 1212
 1205 1208
 1205 1203
 1205 1196
 1206 1218
 1206 1195
 1206 1205
 1207 1215
 1207 1209
 1207 1204
 1208 1209
 1208 1210
 1208 1205
 1209 1207
 1209 1208
 1209 1210
 1210 1239
 1210 1208
 1210 1209
 1211 1202
 1211 1212
 1211 1213
 1212 1211
 1212 1204
 1212 1213
 1212 1214
 1213 1216
 1213 1211
 1213 1212
 1214 1212
 1215 1207
 1215 1216
 1215 1304
 1216 1215
 1216 1201
 1216 1213
 1216 1302
 1217 648
 1217 1218
 1217 644
 1218 1217
 1218 1237
 1218 1206
 1219 1224
 1219 1220
 1219 1221
 1220 1219
 1221 1226
 1222 1265
 1222 1219
 1223 1221
 1223 1222
 1224 1222
 1224 1262
 1225 1226
 1225 1227
 1226 1231
 1226 1230
 1227 1225
 1227 1228
 1227 1236
 1228 648
 1228 1227
 1228 1229
 1229 655
 1229 1432
 1229 1442
 1229 1228
 1230 1232
 1230 1233
 1230 1226
 1231 1223
 1231 1233
 1231 1234
 1232 1225
 1232 1236
 1232 1230
 1233 1235
 1233 1275
 1233 1230
 1234 1271
 1234 1223
 1234 1275
 1235 1232
 1235 1274
 1236 1232
 1236 1442
 1236 1272
 1237 1239
 1237 1238
 1238 1263
 1238 1264
 1239 1210
 1239 1243
 1239 1252
 1239 1237
 1240 1241
 1240 1242
 1241 1240
 1242 1240
 1242 1245
 1243 1244
 1244 1248
 1244 1249
 1245 1247
 1245 1242
 1245 1246
 1246 1305
 1246 1245
 1247 1248
 1247 1243
 1248 1247
 1248 1244
 1248 1246
 1249 1250
 1249 1244
 1249 1350
 1250 1252
 1250 1254
 1251 1249
 1251 1358
 1252 1257
 1252 1253
 1253 1279
 1253 1261
 1254 1255
 1254 1250
 1255 1256
 1255 1350
 1255 1254
 1256 1255
 1256 1351
 1256 1257
 1256 1260
 1257 1256
 1257 1258
 1258 1259
 1258 1253
 1259 1260
 1259 1261
 1260 1256
 1260 1354
 1260 1259
 1261 1378
 1262 1224
 1262 1218
 1263 1262
 1264 1263
 1265 1266
 1265 1270
 1266 1265
 1267 1264
 1267 1270
 1268 1267
 1268 1278
 1269 1267
 1269 1238
 1270 1234
 1271 1268
 1272 1273
 1272 1276
 1273 1272
 1274 1275
 1274 1235
 1274 1276
 1274 1284
 1275 1233
 1275 1274
 1275 1285
 1276 1281
 1276 1274
 1276 1277
 1277 1463
 1277 1473
 1277 1442
 1277 1276
 1278 1279
 1278 1269
 1279 1239
 1279 1269
 1280 1268
 1280 1278
 1281 1283
 1282 1473
 1282 1281
 1283 1284
 1283 1286
 1284 1274
 1284 1283
 1284 1373
 1284 1285
 1285 1271
 1285 1371
 1285 1275
 1285 1284
 1286 1282
 1286 1474
 1287 1367
 1287 1285
 1287 1366
 1288 1030
 1289 1032
 1289 1290
 1289 1293
 1290 1289
 1290 1298
 1290 1291
 1291 1297
 1291 1290
 1291 1299
 1291 1292
 1291 1293
 1292 1291
 1293 1295
 1293 1289
 1293 1291
 1293 1294
 1294 1033
 1294 1293
 1294 1310
 1295 1296
 1295 1299
 1295 1293
 1295 1310
 1296 1311
 1296 1295
 1296 1312
 1297 1299
 1297 1298
 1297 1291
 1297 1315
 1298 1297
 1298 1290
 1298 1316
 1299 1295
 1299 1297
 1299 1291
 1300 1306
 1300 1301
 1300 1030
 1301 1300
 1301 1316
 1302 1303
 1302 1216
 1303 1302
 1304 1215
 1304 1305
 1304 1242
 1305 1308
 1306 1201
 1306 1321
 1306 1300
 1307 1201
 1307 1323
 1307 1308
 1308 1307
 1308 1309
 1308 1326
 1309 1391
 1309 1251
 1309 1308
 1310 1295
 1310 1313
 1310 1045
 1310 1294
 1311 1296
 1312 1296
 1312 1313
 1312 1315
 1313 1312
 1313 1314
 1313 1320
 1313 1317
 1313 1310
 1314 1048
 1314 1313
 1314 1317
 1315 1312
 1315 1297
 1315 1316
 1316 1298
 1316 1315
 1316 1333
 1317 1313
 1317 1314
 1317 1669
 1318 1319
 1318 1320
 1318 1669
 1319 1318
 1320 1313
 1320 1339
 1320 1318
 1321 1306
 1321 1322
 1321 1323
 1321 1324
 1322 1321
 1323 1321
 1323 1307
 1323 1325
 1324 1321
 1324 1301
 1325 1323
 1325 1324
 1326 1327
 1326 1330
 1327 1325
 1328 1327
 1328 1336
 1329 1346
 1329 1331
 1330 1329
 1331 1332
 1331 1309
 1332 1391
 1332 1395
 1332 1331
 1333 1335
 1333 1334
 1334 1328
 1335 1337
 1335 1338
 1335 1334
 1336 1330
 1337 1335
 1337 1336
 1337 1340
 1338 1335
 1338 1337
 1338 1339
 1339 1343
 1339 1320
 1339 1338
 1339 1342
 1340 1345
 1340 1337
 1341 1345
 1341 1340
 1342 1339
 1342 1341
 1343 1673
 1343 1339
 1343 1669
 1344 1673
 1344 1677
 1344 1342
 1345 1346
 1345 1340
 1346 1329
 1346 1347
 1346 1345
 1346 1348
 1347 1407
 1347 1346
 1347 1395
 1348 1346
 1348 1349
 1348 1342
 1349 1348
 1350 1351
 1350 1255
 1350 1249
 1350 1352
 1351 1256
 1351 1353
 1351 1350
 1352 1353
 1352 1356
 1352 1350
 1353 1359
 1353 1352
 1353 1351
 1354 1360
 1354 1355
 1354 1260
 1355 1354
 1356 1352
 1356 1357
 1356 1358
 1357 1356
 1358 1392
 1358 1251
 1358 1356
 1359 1353
 1359 1394
 1360 1378
 1360 1354
 1360 1365
 1361 1359
 1361 1362
 1362 1361
 1362 1363
 1362 1364
 1362 1398
 1363 1362
 1364 1362
 1364 1381
 1364 1365
 1365 1360
 1365 1361
 1365 1364
 1366 1280
 1367 1370
 1367 1379
 1367 1380
 1368 1287
 1368 1366
 1369 1368
 1369 1378
 1370 1375
 1370 1372
 1371 1287
 1371 1285
 1372 1371
 1373 1377
 1373 1374
 1373 1284
 1373 1372
 1374 1475
 1375 1376
 1375 1377
 1375 1370
 1376 1375
 1377 1375
 1377 1541
 1377 1373
 1378 1360
 1378 1369
 1378 1385
 1379 1369
 1380 1367
 1380 1385
 1380 1379
 1381 1383
 1381 1382
 1382 1401
 1382 1426
 1382 1381
 1383 1384
 1383 1378
 1383 1421
 1384 1383
 1385 1386
 1385 1419
 1385 1380
 1386 1387
 1386 1550
 1387 1548
 1387 1541
 1388 1389
 1388 1390
 1389 1388
 1390 1423
 1391 1392
 1391 1332
 1392 1393
 1392 1395
 1392 1358
 1393 1394
 1393 1403
 1394 1359
 1394 1393
 1394 1398
 1395 1392
 1395 1347
 1395 1396
 1395 1332
 1396 1395
 1397 1394
 1398 1399
 1398 1362
 1398 1394
 1398 1414
 1399 1400
 1399 1401
 1399 1398
 1400 1399
 1400 1417
 1400 1414
 1401 1399
 1401 1402
 1401 1418
 1401 1382
 1402 1401
 1403 1405
 1403 1404
 1403 1397
 1404 1403
 1404 1405
 1405 1407
 1406 1410
 1406 1404
 1407 1347
 1407 1406
 1408 1409
 1408 1397
 1408 1413
 1408 1414
 1409 1408
 1410 1411
 1410 1406
 1411 1676
 1411 1412
 1412 1410
 1412 1413
 1413 1416
 1413 1408
 1413 1412
 1413 1716
 1414 1415
 1414 1400
 1414 1408
 1414 1398
 1415 1414
 1416 1719
 1416 1417
 1416 1413
 1417 1416
 1417 1418
 1417 1400
 1418 1401
 1418 1425
 1418 1417
 1419 1383
 1419 1385
 1419 1420
 1419 1390
 1420 1419
 1420 1422
 1421 1383
 1421 1426
 1422 1420
 1422 1421
 1423 1424
 1423 1420
 1424 1427
 1424 1422
 1425 1735
 1425 1418
 1425 1426
 1426 1425
 1426 1382
 1427 1424
 1427 1428
 1427 1430
 1428 1427
 1429 1736
 1429 1737
 1429 1426
 1429 1427
 1430 1596
 1431 695
 1431 1432
 1431 654
 1432 1431
 1432 1440
 1432 1433
 1432 1434
 1432 1229
 1433 695
 1433 1432
 1433 705
 1433 1434
 1434 1432
 1434 1433
 1434 1435
 1434 1436
 1435 1440
 1435 1441
 1435 1434
 1435 1438
 1436 705
 1436 1434
 1436 1437
 1437 1439
 1437 1436
 1437 1438
 1438 1435
 1438 1444
 1438 1437
 1439 1447
 1439 707
 1439 1444
 1439 1437
 1440 1432
 1440 1443
 1440 1435
 1441 1435
 1442 1277
 1442 1443
 1442 1236
 1442 1229
 1443 1463
 1443 1440
 1443 1442
 1443 1445
 1444 1439
 1444 1445
 1444 1438
 1445 1464
 1445 1443
 1445 1444
 1445 1446
 1446 1447
 1446 1455
 1446 1468
 1446 1445
 1447 1439
 1447 1452
 1447 1453
 1447 1446
 1448 1449
 1448 706
 1449 1448
 1450 1451
 1450 707
 1450 1453
 1451 1456
 1451 1450
 1451 1459
 1452 1447
 1453 1447
 1453 1450
 1453 1454
 1454 1455
 1454 1456
 1454 1453
 1455 1457
 1455 1454
 1455 1482
 1455 1446
 1456 1457
 1456 1458
 1456 1451
 1456 1454
 1457 1455
 1457 1456
 1457 1458
 1458 1456
 1458 1457
 1458 1489
 1458 1501
 1459 1451
 1459 1460
 1459 1461
 1460 1459
 1460 1462
 1461 1459
 1461 1499
 1462 1458
 1463 1464
 1463 1465
 1463 1443
 1463 1277
 1464 1463
 1464 1471
 1464 1468
 1464 1445
 1465 1463
 1465 1473
 1465 1466
 1465 1467
 1466 1465
 1466 1547
 1466 1476
 1467 1465
 1467 1469
 1467 1470
 1468 1464
 1468 1472
 1468 1483
 1468 1446
 1469 1467
 1470 1467
 1470 1476
 1471 1464
 1471 1470
 1472 1471
 1472 1468
 1473 1465
 1473 1282
 1473 1475
 1473 1277
 1474 1477
 1474 1374
 1475 2392
 1475 1473
 1475 1466
 1476 1466
 1476 1478
 1477 1474
 1478 1481
 1478 1547
 1479 1472
 1479 1484
 1480 1479
 1480 1481
 1480 1493
 1481 1480
 1481 1494
 1482 1455
 1482 1483
 1483 1468
 1483 1484
 1484 1479
 1484 1486
 1485 1489
 1485 1482
 1486 1488
 1487 1490
 1487 1485
 1487 1486
 1488 1495
 1488 1491
 1488 1486
 1489 1490
 1489 1458
 1489 1485
 1490 1487
 1490 1496
 1490 1489
 1491 1488
 1491 1492
 1491 1493
 1492 1491
 1493 1480
 1493 1498
 1493 1491
 1493 1494
 1494 1481
 1494 1493
 1494 1573
 1495 1488
 1495 1498
 1496 1495
 1496 1497
 1496 1490
 1497 1496
 1497 1573
 1498 1497
 1498 1493
 1499 1461
 1500 720
 1500 1460
 1501 1462
 1501 1510
 1502 1529
 1502 1500
 1503 1511
 1503 1505
 1504 1503
 1504 1508
 1505 1503
 1505 1576
 1505 1506
 1506 1514
 1506 1507
 1507 1504
 1507 1509
 1508 1504
 1508 1516
 1508 1509
 1509 1514
 1509 1507
 1509 1508
 1509 1582
 1510 1511
 1510 1513
 1510 1501
 1511 1503
 1511 1512
 1511 1510
 1512 1511
 1512 1523
 1512 1516
 1513 1538
 1513 1526
 1513 1510
 1514 1506
 1514 1515
 1514 1509
 1515 1576
 1515 1577
 1515 1578
 1515 1580
 1515 1514
 1516 1512
 1516 1508
 1516 1517
 1517 1521
 1517 1516
 1517 1518
 1518 1519
 1518 1628
 1518 1517
 1519 1520
 1519 1522
 1519 1518
 1520 1519
 1521 1522
 1521 1523
 1521 1517
 1522 1519
 1522 1521
 1522 1626
 1522 1630
 1523 1512
 1523 1521
 1523 1638
 1524 1525
 1524 1526
 1525 1524
 1526 1528
 1526 1513
 1527 1529
 1527 1524
 1528 1527
 1528 1532
 1529 1527
 1529 1532
 1530 1531
 1530 1532
 1530 1502
 1531 3050
 1531 3077
 1531 1530
 1532 1535
 1532 1529
 1532 1530
 1533 1535
 1533 3081
 1533 1530
 1534 3083
 1534 1533
 1535 1536
 1535 1537
 1535 1533
 1536 1641
 1536 1534
 1537 1535
 1537 1536
 1537 1538
 1538 1647
 1538 1513
 1538 1537
 1539 1541
 1540 1539
 1541 1377
 1541 1387
 1541 1380
 1542 1543
 1542 1544
 1543 1545
 1543 1546
 1544 1543
 1544 2392
 1545 1539
 1545 1540
 1546 1567
 1547 1567
 1547 1542
 1547 1478
 1548 1551
 1548 1549
 1549 1555
 1549 1557
 1550 1388
 1550 1548
 1551 1552
 1551 1554
 1552 1553
 1553 1545
 1553 1387
 1554 1552
 1554 1546
 1555 1556
 1555 1557
 1556 1559
 1557 1599
 1558 1599
 1558 1556
 1559 1550
 1559 1595
 1559 1390
 1560 1561
 1560 1562
 1560 1564
 1561 1563
 1561 1598
 1562 1554
 1563 1599
 1563 1562
 1564 1560
 1564 1571
 1564 1565
 1565 1598
 1565 1564
 1565 1566
 1566 1571
 1566 1572
 1566 1565
 1567 1568
 1567 1569
 1568 1567
 1568 1570
 1568 1571
 1569 1575
 1569 1572
 1569 1573
 1570 1568
 1571 1568
 1571 1564
 1571 1566
 1572 1585
 1572 1566
 1573 1497
 1573 1547
 1573 1494
 1574 1575
 1574 1576
 1575 1583
 1575 1569
 1575 1574
 1576 1579
 1576 1505
 1576 1515
 1576 1574
 1577 1515
 1578 1515
 1578 1580
 1579 1591
 1579 1576
 1579 1581
 1580 1579
 1580 1515
 1581 1574
 1582 1592
 1582 1578
 1582 1509
 1583 1584
 1583 1585
 1584 1581
 1585 1586
 1585 1587
 1586 1587
 1586 1589
 1587 1588
 1588 1591
 1588 1584
 1589 1586
 1589 1611
 1589 1590
 1590 1618
 1590 1603
 1590 1589
 1591 1592
 1591 1593
 1591 1579
 1592 1631
 1592 1634
 1592 1582
 1593 1591
 1593 1607
 1593 1594
 1594 1648
 1594 1593
 1594 1635
 1595 1424
 1595 1430
 1596 1597
 1596 1558
 1597 1600
 1597 1602
 1597 1596
 1598 1561
 1598 1605
 1598 1565
 1599 1967
 1599 1563
 1599 1558
 1600 1601
 1600 1597
 1601 1600
 1602 1740
 1602 1597
 1603 1970
 1603 1590
 1603 1604
 1603 1622
 1604 1603
 1604 1755
 1605 1967
 1605 1598
 1606 1607
 1606 1608
 1606 1624
 1607 1609
 1607 1593
 1607 1606
 1608 1611
 1608 1606
 1609 1607
 1610 1608
 1611 1612
 1611 1589
 1612 1613
 1612 1614
 1613 1616
 1614 1618
 1614 1619
 1615 1623
 1615 1624
 1615 1610
 1616 1617
 1616 1610
 1617 1975
 1617 1616
 1617 1623
 1618 1590
 1618 1620
 1618 1613
 1618 1614
 1619 1614
 1620 1621
 1620 1622
 1621 1617
 1622 1603
 1622 1620
 1622 1621
 1623 1625
 1624 1615
 1624 1606
 1625 1624
 1625 1657
 1626 1522
 1626 1627
 1626 1628
 1627 1626
 1627 1629
 1628 1626
 1628 1629
 1628 1518
 1629 1631
 1629 1628
 1629 1582
 1630 1522
 1630 1627
 1631 1632
 1631 1629
 1632 1633
 1632 1636
 1633 1639
 1633 1637
 1634 1592
 1634 1650
 1634 1635
 1634 1636
 1635 1594
 1635 1634
 1635 1648
 1636 1632
 1636 1634
 1636 1652
 1636 1645
 1637 1630
 1637 1638
 1638 1640
 1638 1523
 1638 1637
 1639 1640
 1639 1633
 1639 1645
 1640 1639
 1640 1646
 1640 1638
 1641 1647
 1641 1664
 1641 1642
 1642 1641
 1642 1643
 1642 1534
 1643 3103
 1643 1642
 1643 1644
 1644 1643
 1644 3099
 1644 3100
 1645 1639
 1645 1662
 1645 1636
 1645 1646
 1646 1663
 1646 1640
 1646 1645
 1646 1647
 1647 1664
 1647 1641
 1647 1538
 1647 1646
 1648 1649
 1648 1635
 1649 1648
 1649 1657
 1649 1650
 1650 1649
 1650 1634
 1650 1651
 1651 1650
 1651 1652
 1651 1654
 1652 1656
 1652 1651
 1652 1636
 1652 1653
 1653 1652
 1654 1655
 1654 1656
 1654 1651
 1655 1663
 1655 2017
 1655 1654
 1656 1654
 1656 1652
 1656 1662
 1657 1625
 1657 1659
 1658 1659
 1658 1660
 1658 1973
 1659 1658
 1659 1661
 1660 1975
 1660 1658
 1660 1973
 1661 2017
 1661 1649
 1661 2013
 1662 1663
 1662 1656
 1662 1645
 1663 1655
 1663 1662
 1663 1646
 1664 1647
 1664 2023
 1664 1641
 1664 3112
 1665 1666
 1665 1667
 1665 1668
 1665 1669
 1666 1665
 1667 1665
 1667 1668
 1667 1670
 1668 1048
 1668 1665
 1668 1667
 1669 1343
 1669 1665
 1669 1317
 1669 1318
 1670 1671
 1670 1680
 1670 1667
 1671 1672
 1671 1684
 1671 1670
 1672 1671
 1672 1673
 1672 1686
 1673 1343
 1673 1344
 1673 1672
 1674 1675
 1674 1676
 1675 1674
 1676 1674
 1676 1411
 1676 1724
 1676 1702
 1677 1344
 1677 1697
 1677 1678
 1678 1679
 1678 1677
 1679 1678
 1680 1681
 1680 1139
 1680 1670
 1681 1680
 1681 1682
 1681 1683
 1682 1681
 1683 1681
 1683 1684
 1683 1685
 1684 1671
 1684 1683
 1684 1686
 1685 1139
 1685 1683
 1685 1688
 1686 1672
 1686 1684
 1686 1688
 1687 1688
 1687 1165
 1688 1687
 1688 1689
 1688 1685
 1688 1686
 1689 1695
 1689 1688
 1689 1690
 1689 1693
 1690 1816
 1690 1689
 1690 1691
 1691 1690
 1691 1819
 1691 1692
 1692 1821
 1692 1693
 1693 1689
 1693 1692
 1694 1695
 1694 1696
 1695 1689
 1695 1694
 1696 1704
 1696 1697
 1696 1694
 1697 1703
 1697 1696
 1697 1677
 1698 1760
 1698 1699
 1698 1700
 1699 1698
 1700 1698
 1700 1725
 1701 1703
 1701 1702
 1702 1701
 1703 1697
 1703 1708
 1703 1700
 1704 1694
 1705 1704
 1705 1706
 1705 1707
 1706 1705
 1707 1705
 1707 1708
 1707 1830
 1708 1703
 1708 1707
 1708 1709
 1709 1831
 1709 1708
 1710 1711
 1710 1760
 1710 1709
 1711 1710
 1712 1767
 1712 1833
 1712 1710
 1713 1714
 1713 1715
 1713 1724
 1714 1713
 1715 1727
 1715 1713
 1715 1716
 1715 1717
 1716 1719
 1716 1715
 1716 1413
 1717 1715
 1717 1718
 1718 1719
 1718 1721
 1718 1717
 1719 1735
 1719 1720
 1719 1718
 1719 1716
 1719 1416
 1720 1719
 1721 1722
 1721 1723
 1721 1718
 1722 1736
 1722 1721
 1722 1742
 1723 1728
 1723 1731
 1724 1713
 1724 1676
 1724 1725
 1725 1724
 1725 1726
 1726 1754
 1726 1756
 1726 1725
 1727 1715
 1727 1725
 1727 1734
 1728 1729
 1728 1723
 1728 1717
 1729 1727
 1729 1730
 1730 1729
 1730 1732
 1731 1722
 1731 1723
 1732 1730
 1732 1733
 1733 1728
 1733 1731
 1734 1727
 1734 1732
 1734 1758
 1735 1719
 1735 1736
 1736 1602
 1736 1740
 1736 1429
 1737 1429
 1738 1602
 1738 1739
 1739 1738
 1739 1747
 1739 1748
 1740 1741
 1741 1744
 1741 1742
 1742 1784
 1742 1722
 1742 1746
 1743 1753
 1743 1740
 1744 1743
 1744 1745
 1745 1786
 1745 1750
 1746 1783
 1746 1757
 1747 1739
 1748 1968
 1748 1753
 1748 1794
 1748 1739
 1749 1743
 1749 1750
 1750 1745
 1750 1749
 1751 1752
 1751 1753
 1751 1749
 1752 1751
 1752 1786
 1752 1797
 1753 1743
 1753 1751
 1753 1748
 1754 1726
 1755 1983
 1755 1986
 1755 1604
 1755 1989
 1756 1761
 1756 1758
 1756 1726
 1757 1759
 1757 1733
 1758 1756
 1758 1773
 1758 1734
 1759 1775
 1759 1771
 1760 1698
 1760 1762
 1760 1710
 1761 1762
 1761 1756
 1761 1765
 1762 1760
 1762 1761
 1762 1763
 1763 1762
 1763 1764
 1763 1765
 1764 1767
 1764 1768
 1764 1763
 1764 1765
 1765 1761
 1765 1763
 1765 1764
 1765 1766
 1766 1765
 1767 1768
 1767 1889
 1767 1764
 1767 1712
 1768 1767
 1768 1769
 1768 1764
 1769 1768
 1769 1770
 1770 1777
 1770 1890
 1771 1773
 1772 1775
 1772 1771
 1772 1773
 1772 1774
 1773 1769
 1773 1772
 1773 1758
 1774 1778
 1774 1780
 1774 1772
 1775 1759
 1775 1776
 1775 1787
 1775 1782
 1776 1775
 1777 1778
 1777 1772
 1778 1779
 1778 1892
 1778 1774
 1779 1897
 1779 1898
 1780 1779
 1780 1781
 1780 1774
 1781 1898
 1781 1780
 1781 1901
 1782 1775
 1782 1803
 1782 1781
 1783 1746
 1784 1785
 1784 1787
 1784 1742
 1785 1791
 1785 1784
 1785 1786
 1786 1752
 1786 1785
 1787 1788
 1787 1757
 1788 1787
 1788 1790
 1789 1788
 1790 1802
 1790 1803
 1791 1792
 1791 1785
 1792 1804
 1792 1789
 1793 1751
 1793 1801
 1793 1794
 1794 1795
 1794 1748
 1794 1796
 1795 1991
 1795 1801
 1795 1794
 1796 1980
 1796 1982
 1797 1793
 1797 1798
 1798 1797
 1799 1791
 1799 1800
 1799 1797
 1800 1799
 1800 1804
 1801 1808
 1801 1793
 1802 1789
 1803 1805
 1803 1782
 1804 1800
 1804 1809
 1805 1802
 1805 1806
 1806 1807
 1806 1922
 1806 1805
 1807 1921
 1807 1922
 1807 1901
 1808 1800
 1809 1810
 1809 1811
 1810 1920
 1810 1923
 1811 1928
 1811 1812
 1811 1813
 1812 1811
 1813 1808
 1813 1814
 1814 1991
 1814 1813
 1815 1814
 1816 1818
 1816 1817
 1816 1690
 1817 1816
 1818 1816
 1818 1170
 1818 1819
 1818 1824
 1819 1818
 1819 1691
 1819 1820
 1819 1822
 1820 1851
 1820 1826
 1820 1819
 1820 1845
 1821 1823
 1821 1822
 1822 1827
 1822 1819
 1822 1821
 1823 1834
 1823 1693
 1823 1829
 1824 1169
 1824 1818
 1824 1174
 1825 1174
 1826 1176
 1826 1820
 1826 1846
 1827 1843
 1827 1828
 1827 1822
 1828 1827
 1829 1823
 1830 1695
 1830 1834
 1831 1832
 1831 1833
 1831 1834
 1831 1709
 1832 1839
 1832 1831
 1832 1842
 1833 1831
 1833 1712
 1833 1840
 1834 1831
 1834 1823
 1834 1838
 1834 1830
 1835 1836
 1835 1837
 1836 1834
 1836 1835
 1836 1838
 1837 1842
 1837 1835
 1837 1870
 1838 1863
 1838 1834
 1838 1836
 1838 1844
 1839 1832
 1840 1833
 1840 1842
 1840 1841
 1840 1902
 1841 1903
 1841 1909
 1841 1870
 1842 1832
 1842 1837
 1842 1840
 1843 1827
 1843 1845
 1844 1864
 1844 1843
 1844 1838
 1845 1864
 1845 1843
 1845 1820
 1846 1847
 1846 1848
 1846 1849
 1846 1826
 1847 1846
 1848 1856
 1848 2313
 1848 2130
 1848 1846
 1849 1850
 1849 1846
 1850 1856
 1850 1857
 1851 1849
 1851 1852
 1851 1820
 1852 1851
 1853 1855
 1853 1851
 1854 1858
 1854 1853
 1855 1864
 1855 1861
 1855 1853
 1856 1848
 1856 2313
 1856 1850
 1856 2317
 1857 2315
 1857 1854
 1858 1859
 1858 1860
 1858 1854
 1859 1858
 1859 2315
 1859 2317
 1860 1858
 1860 1875
 1860 1861
 1860 1862
 1861 1865
 1861 1866
 1861 1860
 1862 2319
 1862 1860
 1862 2325
 1863 1874
 1863 1838
 1864 1855
 1864 1866
 1864 1844
 1864 1845
 1865 1861
 1866 1864
 1866 1875
 1867 1863
 1867 1868
 1868 1872
 1868 1867
 1868 1869
 1869 1868
 1870 1871
 1870 1841
 1870 1883
 1870 1873
 1870 1837
 1871 1870
 1872 1873
 1872 1868
 1872 1878
 1873 1872
 1873 1835
 1873 1870
 1874 1876
 1874 1884
 1875 1866
 1875 2323
 1875 1860
 1875 1876
 1876 2321
 1876 1874
 1876 1875
 1877 1867
 1877 1878
 1878 1879
 1878 1872
 1878 1877
 1879 1884
 1879 1885
 1879 1878
 1880 1873
 1880 1885
 1881 1880
 1881 1883
 1882 1881
 1882 1940
 1883 1881
 1883 1939
 1883 1909
 1883 1870
 1884 1879
 1884 1877
 1885 1879
 1885 1888
 1886 1951
 1886 1882
 1887 2329
 1887 1886
 1888 1887
 1888 2324
 1889 1767
 1889 1890
 1889 1891
 1890 1889
 1890 1770
 1891 1904
 1891 1889
 1891 1902
 1892 1890
 1892 1778
 1893 1904
 1893 1892
 1893 1896
 1894 1895
 1895 1907
 1896 1907
 1896 1894
 1897 1899
 1897 1894
 1898 1895
 1898 1900
 1899 1897
 1900 1901
 1901 1805
 1901 1781
 1902 1903
 1902 1840
 1902 1891
 1903 1905
 1903 1841
 1903 1902
 1904 1891
 1904 1893
 1905 1903
 1905 1893
 1905 1909
 1906 1896
 1906 1905
 1907 1908
 1907 1910
 1908 1915
 1909 1911
 1909 1905
 1909 1883
 1910 1912
 1910 1906
 1911 1912
 1911 1906
 1912 1937
 1912 1939
 1913 1908
 1913 1910
 1914 1912
 1914 1913
 1915 1895
 1915 1916
 1916 1919
 1916 1915
 1916 1900
 1917 1919
 1917 1920
 1917 1918
 1918 1929
 1918 1930
 1918 1917
 1918 1925
 1919 1946
 1919 1916
 1919 1917
 1920 1810
 1920 1922
 1920 1917
 1921 1807
 1922 1920
 1922 1806
 1923 1810
 1923 1925
 1923 1926
 1924 1923
 1924 1811
 1925 1926
 1925 1918
 1926 1927
 1926 1923
 1926 1924
 1927 1932
 1927 1926
 1928 1815
 1928 1927
 1929 1918
 1930 1960
 1930 1931
 1930 1932
 1930 1918
 1931 1930
 1931 1947
 1931 1950
 1932 1927
 1932 1930
 1932 1933
 1933 1935
 1933 1932
 1933 1934
 1934 1933
 1935 1936
 1935 2028
 1935 1933
 1936 1935
 1936 1961
 1936 2052
 1937 1912
 1938 1914
 1938 1941
 1939 1883
 1939 1940
 1940 1938
 1940 1939
 1941 1938
 1941 1946
 1941 1942
 1942 1943
 1942 1944
 1942 1941
 1943 1947
 1943 1948
 1943 1942
 1944 1945
 1944 1954
 1944 1942
 1945 1951
 1945 1944
 1945 1952
 1946 1919
 1946 1947
 1946 1941
 1947 1943
 1947 1946
 1947 1931
 1948 1943
 1948 1956
 1948 1949
 1948 1950
 1949 1954
 1949 1955
 1949 1948
 1950 1959
 1950 1960
 1950 1931
 1950 1956
 1950 1948
 1951 1945
 1951 2349
 1951 1886
 1952 1953
 1952 1954
 1952 1945
 1952 1958
 1953 1952
 1954 1944
 1954 1957
 1954 1949
 1954 1952
 1955 1949
 1956 2354
 1956 1948
 1956 1957
 1956 1950
 1957 2351
 1957 1954
 1957 1956
 1957 1958
 1958 1952
 1958 2349
 1958 1957
 1958 2350
 1959 1950
 1960 1961
 1960 1930
 1960 1963
 1960 1950
 1961 1936
 1961 1962
 1961 1960
 1962 1961
 1962 1963
 1963 1960
 1963 1962
 1963 2360
 1963 1964
 1963 2052
 1964 2354
 1964 1963
 1964 2357
 1965 2360
 1965 1966
 1966 2055
 1966 2056
 1966 1965
 1967 1599
 1967 1968
 1967 1969
 1967 1605
 1968 1967
 1968 1738
 1968 1748
 1969 1967
 1969 1983
 1969 1980
 1970 1603
 1970 1971
 1970 1972
 1971 1975
 1971 1977
 1971 1970
 1972 1984
 1972 1970
 1973 1658
 1973 1660
 1973 2014
 1973 1974
 1974 1973
 1975 1617
 1975 1971
 1975 1660
 1976 1977
 1976 1972
 1977 1976
 1977 1978
 1977 1971
 1978 2016
 1978 1979
 1979 2024
 1979 2002
 1979 1978
 1979 1998
 1980 1969
 1980 1981
 1980 1990
 1981 1983
 1981 1986
 1981 1980
 1982 1796
 1983 1969
 1983 1755
 1983 1981
 1984 1985
 1984 1755
 1985 1984
 1985 1997
 1986 1755
 1986 1987
 1986 1981
 1986 1995
 1987 1986
 1988 1999
 1988 1985
 1988 1755
 1989 1996
 1989 1988
 1990 1992
 1990 1980
 1990 2028
 1991 1795
 1991 1990
 1992 1993
 1992 2030
 1992 1990
 1993 1994
 1993 1986
 1994 1992
 1994 1993
 1995 2009
 1995 1986
 1995 1994
 1996 1995
 1996 2005
 1996 1989
 1997 1976
 1998 2001
 1998 1997
 1999 2000
 1999 1985
 1999 1988
 2000 1999
 2000 2007
 2000 2001
 2000 2005
 2001 2000
 2001 2003
 2002 1979
 2002 2003
 2002 2004
 2003 2007
 2003 2002
 2003 2006
 2004 2040
 2004 2002
 2004 2012
 2005 2000
 2005 1996
 2005 2008
 2006 2011
 2006 2003
 2007 2008
 2007 2003
 2007 2000
 2008 2007
 2008 2009
 2008 2037
 2008 2005
 2009 2008
 2009 2010
 2009 1995
 2009 2038
 2010 2031
 2010 2033
 2010 2009
 2011 2012
 2011 2006
 2012 2011
 2012 2004
 2012 2037
 2013 2019
 2013 1661
 2013 2014
 2014 2016
 2014 2013
 2014 1973
 2015 2016
 2015 2018
 2016 2015
 2016 1978
 2016 2014
 2017 1655
 2017 1661
 2017 2022
 2018 2015
 2018 2024
 2019 2025
 2019 2020
 2019 2013
 2020 2019
 2020 2021
 2020 2022
 2021 2020
 2022 2023
 2022 2017
 2022 2020
 2023 1664
 2023 2026
 2023 2022
 2024 2025
 2024 2018
 2024 1979
 2025 2024
 2025 2026
 2025 2019
 2026 2023
 2026 2025
 2026 2027
 2027 2464
 2027 2026
 2027 2091
 2027 2093
 2028 1935
 2028 2032
 2028 1815
 2028 1990
 2029 2031
 2029 2030
 2030 2033
 2030 2029
 2031 1994
 2031 2029
 2032 2033
 2032 2050
 2032 2028
 2032 2053
 2033 2032
 2033 2010
 2033 2036
 2034 2035
 2034 2036
 2034 2053
 2035 2034
 2036 2033
 2036 2034
 2036 2062
 2037 2008
 2037 2012
 2037 2040
 2038 2039
 2038 2009
 2038 2041
 2039 2038
 2040 2041
 2040 2042
 2040 2004
 2040 2037
 2041 2040
 2041 2062
 2041 2044
 2041 2038
 2042 2040
 2042 2043
 2042 2076
 2043 2042
 2043 2044
 2044 2041
 2044 2045
 2045 2047
 2045 2046
 2046 2043
 2046 2068
 2047 2067
 2047 2069
 2047 2045
 2048 2049
 2048 2050
 2048 2051
 2049 2048
 2050 2032
 2050 2051
 2050 2048
 2051 2048
 2051 2050
 2051 2052
 2052 2055
 2052 1936
 2052 1963
 2052 2051
 2053 2032
 2053 2034
 2053 2054
 2054 2073
 2054 2060
 2054 2053
 2055 2052
 2055 1966
 2056 2057
 2056 2058
 2056 1966
 2057 2056
 2057 2412
 2057 2422
 2058 2056
 2058 2059
 2058 2412
 2059 2058
 2059 2060
 2059 2420
 2059 2414
 2060 2059
 2060 2061
 2060 2054
 2061 2419
 2061 2060
 2062 2063
 2062 2041
 2062 2036
 2063 2064
 2063 2067
 2063 2062
 2064 2063
 2064 2065
 2064 2073
 2065 2064
 2065 2066
 2066 2072
 2066 2065
 2067 2047
 2067 2063
 2067 2069
 2068 2079
 2068 2070
 2068 2076
 2068 2046
 2069 2047
 2069 2067
 2069 2070
 2070 2071
 2070 2068
 2070 2069
 2071 2072
 2071 2074
 2071 2070
 2072 2071
 2072 2425
 2072 2066
 2072 2075
 2073 2064
 2073 2426
 2073 2419
 2073 2054
 2074 2071
 2074 2087
 2074 2075
 2075 2072
 2075 2074
 2075 2452
 2076 2042
 2076 2068
 2076 2077
 2077 2083
 2077 2076
 2077 2078
 2078 2077
 2079 2080
 2079 2081
 2079 2068
 2080 2079
 2080 2084
 2080 2086
 2081 2079
 2081 2087
 2081 2082
 2082 2081
 2083 2091
 2083 2084
 2083 2077
 2084 2080
 2084 2083
 2084 2085
 2085 2089
 2085 2084
 2085 2086
 2086 2080
 2086 2085
 2086 2088
 2087 2088
 2087 2081
 2087 2074
 2087 2451
 2088 2087
 2088 2459
 2088 2453
 2088 2086
 2089 2090
 2089 2092
 2089 2085
 2090 2089
 2090 2458
 2090 2094
 2091 2027
 2091 2083
 2091 2092
 2092 2096
 2092 2089
 2092 2091
 2093 3128
 2093 3121
 2093 2027
 2094 2095
 2094 2096
 2094 2090
 2095 2094
 2096 2463
 2096 2092
 2096 2094
 2097 2098
 2097 1075
 2098 2097
 2099 803
 2099 1076
 2099 2100
 2100 1073
 2100 2099
 2100 1084
 2100 2101
 2101 2105
 2101 2100
 2101 2102
 2102 2103
 2102 810
 2102 2101
 2103 2104
 2103 2102
 2104 2103
 2105 818
 2105 2106
 2105 2108
 2105 2101
 2106 2105
 2106 2107
 2106 1149
 2107 2112
 2107 2106
 2107 2116
 2108 2111
 2108 2105
 2108 2109
 2108 2110
 2109 2159
 2109 2108
 2109 2118
 2110 2195
 2110 2108
 2110 2197
 2111 2159
 2111 2215
 2111 2108
 2111 2198
 2112 2113
 2112 2107
 2113 2112
 2114 1159
 2114 2120
 2114 1157
 2115 1151
 2115 1159
 2115 2116
 2116 2115
 2116 2120
 2116 2107
 2117 2121
 2117 1162
 2117 2129
 2117 2122
 2117 1157
 2118 2119
 2118 2120
 2118 2109
 2119 2118
 2120 2121
 2120 2114
 2120 2116
 2120 2118
 2121 2120
 2121 2163
 2121 2117
 2122 2117
 2123 2124
 2123 2126
 2124 2123
 2125 2127
 2125 1177
 2125 2126
 2126 2128
 2126 2123
 2126 2132
 2126 2125
 2127 2130
 2127 2131
 2127 2125
 2128 2135
 2128 2129
 2128 2126
 2129 2128
 2129 2117
 2129 2133
 2130 2127
 2130 1848
 2130 1178
 2130 2314
 2131 2127
 2131 2132
 2131 2140
 2132 2135
 2132 2142
 2132 2131
 2132 2126
 2133 2129
 2133 2137
 2133 2134
 2134 2144
 2134 2139
 2134 2133
 2135 2136
 2135 2137
 2135 2132
 2135 2141
 2135 2128
 2136 2135
 2137 2135
 2137 2138
 2137 2139
 2137 2133
 2138 2137
 2138 2147
 2138 2141
 2139 2143
 2139 2137
 2139 2149
 2139 2134
 2140 2152
 2140 2314
 2140 2131
 2140 2142
 2141 2135
 2141 2138
 2141 2142
 2142 2150
 2142 2132
 2142 2141
 2142 2140
 2143 2139
 2144 2145
 2144 2163
 2144 2134
 2145 2144
 2145 2146
 2145 2164
 2146 2167
 2146 2145
 2146 2149
 2147 2138
 2147 2148
 2147 2156
 2148 2155
 2148 2147
 2148 2149
 2149 2155
 2149 2146
 2149 2139
 2149 2148
 2150 2151
 2150 2152
 2150 2153
 2150 2142
 2151 2320
 2151 2150
 2151 2333
 2151 2158
 2152 2320
 2152 2140
 2152 2150
 2153 2154
 2153 2157
 2153 2150
 2154 2153
 2155 2167
 2155 2148
 2155 2149
 2155 2156
 2156 2155
 2156 2170
 2156 2147
 2156 2157
 2157 2153
 2157 2156
 2157 2158
 2158 2151
 2158 2171
 2158 2157
 2159 2111
 2159 2160
 2159 2109
 2160 2159
 2161 2215
 2161 2216
 2161 2162
 2162 2161
 2162 2178
 2162 2163
 2163 2144
 2163 2121
 2163 2162
 2163 2182
 2164 2145
 2164 2165
 2164 2166
 2165 2167
 2165 2164
 2165 2172
 2166 2168
 2166 2164
 2166 2181
 2167 2170
 2167 2169
 2167 2146
 2167 2155
 2167 2165
 2168 2166
 2169 2167
 2170 2167
 2170 2171
 2170 2156
 2171 2170
 2171 2172
 2171 2158
 2172 2171
 2172 2173
 2172 2165
 2172 2174
 2173 2172
 2173 2181
 2174 2184
 2174 2190
 2174 2172
 2174 2176
 2175 2176
 2175 2336
 2175 2190
 2176 2175
 2176 2177
 2176 2174
 2177 2176
 2178 2162
 2178 2179
 2178 2180
 2179 2178
 2180 2183
 2180 2178
 2181 2182
 2181 2166
 2182 2163
 2182 2180
 2183 2184
 2183 2187
 2184 2173
 2184 2174
 2185 2247
 2185 2186
 2185 2187
 2186 2248
 2186 2185
 2186 2245
 2187 2183
 2187 2185
 2187 2188
 2188 2194
 2188 2187
 2188 2189
 2189 2188
 2190 2175
 2190 2191
 2190 2194
 2190 2174
 2191 2192
 2191 2377
 2191 2366
 2191 2190
 2192 2191
 2192 2193
 2192 2194
 2192 2379
 2193 2192
 2194 2192
 2194 2256
 2194 2188
 2194 2190
 2195 2207
 2195 818
 2195 2196
 2195 2110
 2196 817
 2196 2195
 2196 820
 2197 2201
 2197 2110
 2197 2198
 2198 2111
 2198 2215
 2198 2197
 2199 2200
 2199 2201
 2200 2199
 2201 2199
 2201 2202
 2201 2197
 2202 2207
 2202 2201
 2202 2203
 2203 2202
 2203 2204
 2204 2203
 2205 2211
 2205 2196
 2205 2206
 2206 2692
 2206 2205
 2207 2208
 2207 2202
 2207 2195
 2208 2207
 2208 2209
 2208 2212
 2209 2208
 2209 2210
 2210 2209
 2211 2212
 2211 2205
 2211 2213
 2212 2208
 2212 2273
 2212 2211
 2213 2687
 2213 2211
 2213 2214
 2214 2213
 2215 2111
 2215 2161
 2215 2198
 2216 2161
 2216 2217
 2216 2245
 2217 2216
 2217 2218
 2217 2221
 2218 2217
 2218 2219
 2218 2220
 2219 2225
 2219 2218
 2219 2234
 2219 2221
 2220 2234
 2220 2227
 2220 2218
 2221 2217
 2221 2219
 2221 2222
 2222 2223
 2222 2237
 2222 2221
 2223 2224
 2223 2225
 2223 2222
 2224 2223
 2225 2223
 2225 2231
 2225 2219
 2225 2236
 2226 2232
 2226 2227
 2226 2228
 2227 2226
 2227 2228
 2227 2220
 2228 2226
 2228 2227
 2228 2234
 2228 2229
 2229 2231
 2229 2232
 2229 2228
 2229 2230
 2230 2233
 2230 2274
 2230 2229
 2231 2225
 2231 2234
 2231 2235
 2231 2229
 2231 2238
 2232 2226
 2232 2275
 2232 2229
 2233 2230
 2234 2231
 2234 2219
 2234 2220
 2234 2228
 2235 2231
 2236 2225
 2236 2241
 2236 2237
 2236 2238
 2237 2248
 2237 2252
 2237 2236
 2237 2222
 2238 2231
 2238 2240
 2238 2274
 2238 2236
 2239 2240
 2239 2241
 2239 2242
 2240 2239
 2240 2276
 2240 2244
 2240 2238
 2241 2239
 2241 2263
 2241 2259
 2241 2236
 2242 2239
 2242 2243
 2243 2242
 2244 2295
 2244 2240
 2244 2286
 2245 2216
 2245 2186
 2245 2246
 2246 2245
 2247 2248
 2247 2185
 2247 2249
 2248 2247
 2248 2250
 2248 2186
 2248 2237
 2249 2247
 2249 2250
 2249 2254
 2250 2255
 2250 2248
 2250 2249
 2250 2251
 2250 2253
 2251 2250
 2252 2259
 2252 2237
 2252 2253
 2253 2250
 2253 2252
 2253 2261
 2254 2255
 2254 2256
 2254 2249
 2255 2250
 2255 2261
 2255 2254
 2256 2535
 2256 2194
 2256 2254
 2257 2258
 2257 2556
 2257 2266
 2258 2535
 2258 2257
 2258 2538
 2259 2241
 2259 2260
 2259 2252
 2260 2259
 2261 2255
 2261 2253
 2261 2262
 2262 2263
 2262 2264
 2262 2261
 2263 2295
 2263 2241
 2263 2262
 2264 2265
 2264 2262
 2265 2264
 2266 2257
 2266 2267
 2266 2297
 2267 2266
 2267 2595
 2267 2268
 2268 2599
 2268 2267
 2268 2558
 2269 2271
 2269 2270
 2270 2269
 2271 2272
 2271 2273
 2271 2269
 2272 2271
 2272 2280
 2272 2275
 2273 2271
 2273 2288
 2273 2290
 2273 2212
 2274 2238
 2274 2275
 2274 2276
 2274 2230
 2275 2279
 2275 2232
 2275 2274
 2275 2272
 2276 2240
 2276 2274
 2276 2277
 2277 2282
 2277 2276
 2277 2278
 2278 2277
 2279 2280
 2279 2281
 2279 2275
 2280 2279
 2280 2272
 2280 2283
 2281 2279
 2281 2282
 2281 2283
 2282 2281
 2282 2284
 2282 2277
 2283 2280
 2283 2289
 2283 2290
 2283 2281
 2284 2282
 2284 2285
 2284 2286
 2285 2287
 2285 2299
 2285 2284
 2285 2293
 2286 2287
 2286 2244
 2286 2284
 2287 2295
 2287 2296
 2287 2285
 2287 2286
 2288 2273
 2288 2689
 2288 2686
 2289 2283
 2290 2273
 2290 2283
 2290 2294
 2291 2292
 2291 2293
 2291 2294
 2292 2291
 2293 2706
 2293 2291
 2293 2285
 2294 2707
 2294 2290
 2294 2291
 2294 2706
 2295 2263
 2295 2287
 2295 2244
 2296 2287
 2296 2297
 2296 2302
 2297 2296
 2297 2266
 2297 2600
 2297 2298
 2298 2297
 2298 2307
 2298 2309
 2299 2285
 2300 2721
 2300 2301
 2300 2302
 2301 2300
 2302 2296
 2302 2305
 2302 2300
 2303 2304
 2303 2305
 2304 2303
 2305 2303
 2305 2306
 2305 2302
 2306 2305
 2306 2722
 2306 2309
 2307 2312
 2307 2298
 2307 2308
 2308 2307
 2309 2312
 2309 2306
 2309 2298
 2310 2311
 2310 2312
 2310 2725
 2311 2310
 2312 2606
 2312 2307
 2312 2309
 2312 2310
 2313 2319
 2313 1848
 2313 2314
 2313 1856
 2314 2313
 2314 2130
 2314 2140
 2315 1857
 2315 1859
 2315 2316
 2316 2315
 2317 2319
 2317 1856
 2317 1859
 2317 2318
 2318 2317
 2319 2320
 2319 2313
 2319 2317
 2319 1862
 2320 2319
 2320 2152
 2320 2151
 2321 2322
 2321 2323
 2321 1876
 2322 2327
 2322 2321
 2322 2324
 2323 2327
 2323 2321
 2323 1875
 2324 2330
 2324 1888
 2324 2322
 2324 2328
 2325 2327
 2325 1862
 2325 2326
 2326 2325
 2327 2328
 2327 2322
 2327 2323
 2327 2325
 2328 2327
 2328 2331
 2328 2324
 2329 1887
 2329 2344
 2329 2353
 2329 2330
 2330 2329
 2330 2324
 2330 2332
 2331 2328
 2331 2341
 2332 2331
 2333 2151
 2333 2336
 2333 2334
 2334 2333
 2335 2336
 2335 2337
 2335 2338
 2336 2175
 2336 2335
 2336 2333
 2337 2335
 2337 2338
 2337 2340
 2338 2335
 2338 2368
 2338 2337
 2338 2339
 2339 2338
 2339 2347
 2339 2373
 2340 2337
 2340 2345
 2340 2341
 2341 2340
 2341 2342
 2342 2343
 2342 2344
 2342 2332
 2343 2345
 2343 2342
 2344 2329
 2344 2346
 2344 2332
 2345 2343
 2345 2346
 2345 2347
 2346 2344
 2346 2348
 2346 2389
 2347 2345
 2347 2339
 2347 2348
 2348 2376
 2348 2346
 2348 2347
 2349 1951
 2349 2352
 2349 1958
 2350 2351
 2350 2352
 2350 1958
 2351 2354
 2351 2355
 2351 1957
 2351 2350
 2352 2353
 2352 2349
 2352 2350
 2353 2352
 2353 2329
 2353 2362
 2354 2351
 2354 1956
 2354 1964
 2355 2351
 2355 2356
 2356 2355
 2357 2361
 2357 1964
 2357 2358
 2358 2359
 2358 2357
 2359 2423
 2359 2361
 2360 1963
 2360 1965
 2360 2358
 2361 2359
 2361 2364
 2361 2357
 2362 2353
 2362 2363
 2362 2393
 2363 2362
 2363 2364
 2364 2395
 2364 2361
 2364 2363
 2364 2365
 2365 2436
 2365 2437
 2365 2364
 2366 2367
 2366 2191
 2366 2368
 2367 2366
 2368 2369
 2368 2338
 2368 2366
 2369 2368
 2369 2377
 2369 2370
 2370 2369
 2370 2371
 2370 2372
 2371 2370
 2372 2383
 2372 2370
 2372 2373
 2373 2339
 2373 2372
 2373 2374
 2374 2375
 2374 2376
 2374 2373
 2375 2374
 2376 2385
 2376 2348
 2376 2374
 2377 2191
 2377 2369
 2377 2378
 2377 2382
 2378 2377
 2378 2379
 2378 2380
 2379 2535
 2379 2192
 2379 2378
 2380 2378
 2380 2541
 2380 2381
 2381 2380
 2382 2383
 2382 2377
 2382 2542
 2383 2384
 2383 2372
 2383 2382
 2384 2383
 2384 2543
 2384 2385
 2385 2376
 2385 2402
 2385 2386
 2385 2384
 2386 2393
 2386 2385
 2386 2389
 2387 2388
 2387 2389
 2388 2387
 2389 2386
 2389 2346
 2389 2387
 2390 2363
 2391 2390
 2392 1544
 2392 1475
 2393 2386
 2393 2394
 2393 2577
 2394 2391
 2394 2393
 2394 2406
 2395 2440
 2395 2386
 2395 2396
 2395 2364
 2396 2395
 2396 2397
 2396 2398
 2397 2400
 2397 2401
 2397 2396
 2398 2399
 2398 2400
 2398 2396
 2398 2406
 2399 2398
 2400 2407
 2400 2401
 2400 2397
 2400 2398
 2401 2400
 2401 2494
 2401 2397
 2401 2493
 2401 2492
 2402 2385
 2402 2403
 2402 2404
 2403 2575
 2403 2402
 2403 2405
 2404 2544
 2404 2402
 2404 2572
 2405 2403
 2406 2407
 2406 2398
 2407 2400
 2407 2411
 2407 2408
 2408 2407
 2408 2498
 2408 2501
 2409 2410
 2409 2411
 2409 2580
 2410 2409
 2411 2407
 2411 2503
 2411 2409
 2411 2506
 2412 2418
 2412 2057
 2412 2058
 2412 2413
 2412 2414
 2413 2412
 2414 2415
 2414 2059
 2414 2412
 2415 2417
 2415 2414
 2416 2415
 2416 2427
 2417 2424
 2417 2418
 2418 2423
 2418 2417
 2418 2434
 2418 2412
 2419 2073
 2419 2420
 2419 2061
 2420 2427
 2420 2419
 2420 2059
 2421 2432
 2421 2416
 2422 2360
 2422 2057
 2423 2418
 2423 2422
 2424 2436
 2424 2421
 2425 2072
 2425 2433
 2425 2426
 2426 2073
 2426 2425
 2426 2428
 2427 2416
 2427 2430
 2427 2420
 2427 2428
 2428 2426
 2428 2427
 2428 2429
 2429 2441
 2429 2428
 2429 2430
 2430 2431
 2430 2432
 2430 2427
 2430 2429
 2431 2430
 2432 2437
 2432 2436
 2432 2421
 2432 2430
 2433 2455
 2433 2472
 2433 2425
 2433 2442
 2434 2418
 2434 2435
 2434 2436
 2435 2434
 2436 2424
 2436 2434
 2436 2365
 2436 2432
 2437 2432
 2437 2443
 2437 2365
 2438 2439
 2438 2440
 2438 2447
 2439 2438
 2440 2395
 2440 2492
 2440 2438
 2441 2442
 2441 2445
 2441 2429
 2442 2441
 2442 2443
 2442 2433
 2443 2447
 2443 2442
 2443 2444
 2443 2437
 2444 2464
 2444 2473
 2444 2474
 2444 2443
 2445 2441
 2445 2446
 2446 2445
 2447 2495
 2447 2448
 2447 2443
 2447 2438
 2448 2447
 2448 2449
 2448 2450
 2449 2448
 2450 2479
 2450 2448
 2450 2478
 2451 2087
 2451 2452
 2451 2453
 2452 2451
 2452 2075
 2452 2456
 2453 2088
 2453 2457
 2453 2451
 2453 2454
 2454 2456
 2454 2460
 2454 2453
 2455 2456
 2455 2433
 2455 2460
 2456 2455
 2456 2452
 2456 2454
 2457 2465
 2457 2459
 2457 2453
 2458 2463
 2458 2090
 2458 2459
 2459 2088
 2459 2457
 2459 2458
 2459 2462
 2460 2455
 2460 2461
 2460 2454
 2461 2472
 2461 2467
 2461 2460
 2462 2463
 2462 2464
 2462 2459
 2462 2468
 2463 2096
 2463 2458
 2463 2462
 2464 2486
 2464 2027
 2464 2444
 2464 2462
 2465 2457
 2465 2466
 2465 2467
 2466 2465
 2467 2465
 2467 2468
 2467 2461
 2468 2473
 2468 2467
 2468 2462
 2469 2471
 2469 3124
 2469 2470
 2470 2483
 2470 2469
 2470 2486
 2471 2469
 2471 3124
 2471 3125
 2471 3174
 2472 2433
 2472 2473
 2472 2461
 2473 2472
 2473 2468
 2473 2444
 2474 2479
 2474 2444
 2475 2482
 2475 2476
 2475 2477
 2476 2475
 2477 2474
 2477 2475
 2478 2495
 2478 2450
 2478 2526
 2479 2480
 2479 2450
 2480 2481
 2480 2517
 2481 2482
 2481 2477
 2482 2481
 2482 2475
 2482 2513
 2483 2491
 2483 2484
 2483 2485
 2483 2470
 2484 2487
 2484 2488
 2484 2483
 2485 3175
 2485 2483
 2485 3174
 2486 2487
 2486 2464
 2486 2489
 2486 2470
 2487 2490
 2487 2484
 2487 2486
 2488 2484
 2489 2513
 2489 2490
 2489 2486
 2490 2487
 2490 2489
 2490 2491
 2491 2490
 2491 2483
 2491 3189
 2492 2440
 2492 2401
 2492 2494
 2493 2401
 2494 2401
 2494 2498
 2494 2499
 2494 2492
 2495 2447
 2495 2496
 2495 2478
 2496 2495
 2496 2497
 2496 2502
 2497 2496
 2498 2408
 2498 2499
 2498 2500
 2498 2494
 2499 2498
 2499 2502
 2499 2494
 2500 2505
 2500 2498
 2500 2501
 2501 2503
 2501 2408
 2501 2500
 2502 2496
 2502 2505
 2502 2499
 2502 2509
 2503 2504
 2503 2411
 2503 2501
 2504 2503
 2505 2506
 2505 2507
 2505 2500
 2505 2502
 2506 2632
 2506 2505
 2506 2411
 2506 2580
 2507 2505
 2507 2508
 2508 2507
 2509 2526
 2509 2636
 2509 2502
 2510 2511
 2510 2512
 2511 2510
 2512 2530
 2512 2518
 2512 2510
 2513 2489
 2513 2514
 2513 2482
 2514 2513
 2514 2515
 2514 2517
 2515 2514
 2515 2516
 2516 2522
 2517 2480
 2517 2512
 2518 2519
 2518 2514
 2519 2516
 2520 2519
 2520 2524
 2521 3218
 2521 2515
 2522 2520
 2522 2525
 2523 2521
 2523 2522
 2524 2520
 2525 2523
 2525 3220
 2526 2527
 2526 2509
 2526 2478
 2527 2528
 2527 2529
 2527 2526
 2528 2527
 2529 2527
 2529 2640
 2529 2636
 2530 2643
 2530 2512
 2530 2531
 2531 2530
 2531 2532
 2531 2645
 2532 3235
 2532 2531
 2532 2533
 2533 2645
 2533 2534
 2534 2647
 2534 3280
 2535 2256
 2535 2258
 2535 2379
 2535 2536
 2536 2535
 2536 2537
 2536 2538
 2537 2536
 2537 2539
 2537 2541
 2538 2536
 2538 2258
 2538 2540
 2539 2537
 2539 2540
 2539 2548
 2540 2538
 2540 2539
 2540 2554
 2541 2537
 2541 2380
 2541 2542
 2542 2543
 2542 2541
 2542 2382
 2543 2384
 2543 2547
 2543 2542
 2544 2545
 2544 2546
 2544 2404
 2545 2544
 2546 2544
 2546 2547
 2546 2572
 2547 2543
 2547 2546
 2547 2548
 2548 2539
 2548 2547
 2548 2549
 2549 2551
 2549 2548
 2549 2550
 2550 2549
 2551 2552
 2551 2563
 2551 2549
 2552 2551
 2552 2559
 2552 2553
 2553 2552
 2553 2561
 2553 2573
 2554 2555
 2554 2540
 2554 2556
 2555 2554
 2556 2257
 2556 2554
 2556 2557
 2557 2563
 2557 2556
 2557 2558
 2558 2602
 2558 2268
 2558 2557
 2559 2560
 2559 2561
 2559 2552
 2560 2559
 2560 2562
 2560 2564
 2561 2559
 2561 2553
 2561 2565
 2562 2560
 2563 2551
 2563 2569
 2563 2564
 2563 2557
 2564 2560
 2564 2563
 2564 2565
 2565 2561
 2565 2564
 2565 2581
 2566 2567
 2566 2568
 2566 2602
 2567 2566
 2568 2569
 2568 2570
 2568 2566
 2569 2568
 2569 2570
 2569 2563
 2570 2568
 2570 2569
 2570 2603
 2570 2571
 2571 2569
 2571 2587
 2572 2546
 2572 2404
 2572 2573
 2573 2553
 2573 2572
 2573 2574
 2574 2575
 2574 2581
 2574 2573
 2575 2576
 2575 2582
 2575 2403
 2575 2574
 2576 2575
 2577 2618
 2577 2578
 2577 2579
 2578 2583
 2578 2577
 2578 2582
 2579 2577
 2579 2394
 2579 2580
 2580 2409
 2580 2506
 2580 2579
 2580 2588
 2581 2582
 2581 2587
 2581 2565
 2581 2574
 2582 2575
 2582 2584
 2582 2578
 2582 2581
 2583 2578
 2584 2585
 2584 2586
 2584 2582
 2585 2584
 2586 2584
 2586 2587
 2586 2613
 2587 2615
 2587 2586
 2587 2571
 2587 2581
 2588 2632
 2588 2580
 2588 2589
 2588 2592
 2589 2588
 2590 2591
 2590 2592
 2590 2593
 2591 2590
 2592 2619
 2592 2588
 2592 2590
 2593 2622
 2593 2594
 2593 2590
 2594 2593
 2594 2642
 2594 2638
 2595 2267
 2595 2596
 2595 2597
 2596 2599
 2596 2602
 2596 2595
 2597 2601
 2597 2595
 2597 2598
 2598 2597
 2599 2268
 2599 2596
 2600 2297
 2600 2601
 2600 2606
 2601 2600
 2601 2610
 2601 2597
 2602 2566
 2602 2604
 2602 2596
 2602 2558
 2603 2624
 2603 2570
 2603 2604
 2604 2602
 2604 2603
 2604 2605
 2605 2604
 2606 2607
 2606 2600
 2606 2726
 2606 2312
 2607 2608
 2607 2609
 2607 2606
 2608 2607
 2609 2607
 2609 2610
 2609 2627
 2609 2612
 2610 2623
 2610 2601
 2610 2609
 2611 2627
 2611 2612
 2612 2803
 2612 2609
 2612 2611
 2613 2618
 2613 2586
 2613 2614
 2614 2631
 2614 2616
 2614 2613
 2615 2616
 2615 2587
 2615 2624
 2616 2615
 2616 2617
 2616 2614
 2617 2616
 2618 2619
 2618 2620
 2618 2613
 2619 2592
 2619 2618
 2619 2579
 2620 2631
 2620 2621
 2620 2814
 2621 2619
 2621 2620
 2621 2622
 2622 2593
 2622 2661
 2622 2657
 2622 2621
 2623 2624
 2623 2625
 2623 2610
 2623 2628
 2624 2623
 2624 2615
 2624 2603
 2625 2623
 2625 2631
 2625 2626
 2626 2625
 2626 2629
 2626 2630
 2627 2609
 2627 2611
 2627 2628
 2628 2623
 2628 2803
 2628 2627
 2629 2626
 2630 2631
 2630 2808
 2630 2626
 2631 2625
 2631 2630
 2631 2620
 2631 2614
 2632 2633
 2632 2506
 2632 2588
 2633 2632
 2633 2634
 2633 2638
 2634 2633
 2634 2635
 2634 2636
 2635 2640
 2635 2634
 2635 2637
 2636 2529
 2636 2634
 2636 2509
 2637 2635
 2638 2639
 2638 2633
 2638 2594
 2639 2640
 2639 2641
 2639 2638
 2640 2639
 2640 2529
 2640 2635
 2641 2639
 2642 2658
 2642 2657
 2642 2594
 2643 2648
 2643 2530
 2643 2644
 2644 2643
 2645 2531
 2645 2646
 2646 2647
 2646 2648
 2646 3290
 2646 2645
 2647 3281
 2647 3292
 2647 2646
 2648 2655
 2648 2649
 2648 2643
 2648 2646
 2649 2648
 2649 2650
 2649 3291
 2650 2649
 2650 2651
 2651 2650
 2652 2655
 2652 2653
 2652 2654
 2653 2652
 2654 2656
 2654 2658
 2654 2652
 2655 2648
 2655 2652
 2655 2656
 2656 2655
 2656 2665
 2656 2654
 2657 2642
 2657 2661
 2657 2622
 2658 2642
 2658 2659
 2658 2654
 2659 2666
 2659 2658
 2659 2660
 2660 2663
 2660 2659
 2660 2670
 2661 2657
 2661 2622
 2661 2662
 2662 2661
 2663 2664
 2663 2660
 2664 2663
 2665 2656
 2665 2666
 2665 2668
 2666 2667
 2666 2665
 2666 2659
 2667 2666
 2668 2665
 2668 2669
 2668 2670
 2669 2671
 2669 2668
 2670 2673
 2670 2660
 2670 2668
 2671 2669
 2672 2842
 2672 2673
 2672 2674
 2673 2672
 2673 2841
 2673 2670
 2674 3303
 2674 2672
 2674 3291
 2674 3294
 2675 2681
 2675 2676
 2675 790
 2676 2675
 2676 2677
 2677 2676
 2678 2679
 2678 816
 2678 819
 2679 2681
 2679 2678
 2679 798
 2680 821
 2681 2679
 2681 2675
 2681 2685
 2682 2754
 2682 2683
 2682 2684
 2683 2759
 2683 2762
 2683 2682
 2683 2685
 2684 2682
 2684 2685
 2685 2681
 2685 2683
 2685 2684
 2686 2687
 2686 2288
 2687 2688
 2687 2213
 2688 2692
 2688 2205
 2689 2288
 2689 2690
 2690 2689
 2691 2754
 2691 2699
 2691 2692
 2692 2688
 2692 2691
 2692 2694
 2693 2688
 2693 2686
 2693 2694
 2694 2701
 2694 2693
 2694 2710
 2695 2696
 2695 2697
 2696 2695
 2697 2695
 2697 2698
 2697 2754
 2698 2697
 2699 2691
 2699 2700
 2699 2702
 2700 2699
 2701 2703
 2701 2702
 2701 2694
 2702 2699
 2702 2756
 2702 2701
 2703 2704
 2703 2705
 2703 2701
 2704 2703
 2705 2703
 2705 2736
 2705 2710
 2706 2713
 2706 2293
 2706 2294
 2707 2711
 2707 2708
 2707 2294
 2708 2707
 2709 2693
 2709 2710
 2710 2705
 2710 2716
 2710 2709
 2711 2712
 2711 2713
 2711 2707
 2712 2711
 2712 2740
 2712 2718
 2713 2711
 2713 2721
 2713 2706
 2714 2715
 2714 2716
 2714 2709
 2715 2714
 2716 2736
 2716 2717
 2717 2715
 2717 2716
 2717 2741
 2718 2719
 2718 2720
 2718 2712
 2719 2718
 2720 2728
 2720 2729
 2720 2718
 2721 2728
 2721 2713
 2721 2722
 2721 2300
 2722 2721
 2722 2306
 2722 2723
 2723 2727
 2723 2722
 2723 2724
 2724 2723
 2724 2725
 2724 2734
 2725 2726
 2725 2724
 2725 2310
 2726 2797
 2726 2725
 2726 2606
 2727 2728
 2727 2729
 2727 2731
 2727 2723
 2728 2727
 2728 2720
 2728 2721
 2729 2727
 2729 2720
 2729 2730
 2730 2729
 2730 2748
 2730 2733
 2731 2727
 2731 2732
 2731 2733
 2731 2734
 2732 2731
 2733 2735
 2733 2730
 2733 2731
 2734 2735
 2734 2731
 2734 2724
 2735 2734
 2735 2733
 2735 2798
 2736 2737
 2736 2705
 2736 2765
 2737 2736
 2737 2738
 2737 2717
 2738 2737
 2738 2746
 2738 2739
 2739 2738
 2739 2742
 2740 2712
 2740 2715
 2740 2741
 2741 2740
 2741 2749
 2741 2750
 2742 2739
 2743 2744
 2744 2743
 2744 2751
 2744 2745
 2745 2744
 2746 2769
 2746 2738
 2746 2747
 2747 2751
 2747 2753
 2747 2746
 2748 2730
 2748 2740
 2748 2749
 2749 2752
 2749 2748
 2749 2782
 2750 2751
 2750 2752
 2750 2741
 2751 2744
 2751 2747
 2751 2750
 2752 2753
 2752 2749
 2752 2750
 2753 2752
 2753 2777
 2753 2747
 2754 2755
 2754 2697
 2754 2682
 2754 2691
 2755 2754
 2755 2756
 2755 2757
 2756 2759
 2756 2755
 2756 2702
 2757 2755
 2757 2758
 2758 2757
 2759 2683
 2759 2756
 2759 2765
 2760 2761
 2760 2762
 2761 2760
 2762 2683
 2762 2760
 2762 2763
 2763 2913
 2763 2762
 2763 2764
 2764 2763
 2764 2772
 2764 2766
 2765 2759
 2765 2763
 2765 2766
 2766 2737
 2766 2770
 2766 2765
 2767 2768
 2767 2770
 2768 2767
 2769 2746
 2769 2779
 2769 2773
 2770 2767
 2770 2771
 2770 2766
 2771 2770
 2771 2772
 2771 2773
 2772 2783
 2772 2771
 2772 2764
 2773 2769
 2773 2771
 2773 2774
 2774 2775
 2774 2773
 2775 2774
 2776 2777
 2776 2778
 2776 2780
 2777 2776
 2777 2753
 2777 2779
 2778 2776
 2778 2869
 2778 2782
 2779 2777
 2779 2769
 2779 2790
 2780 2776
 2780 2781
 2781 2780
 2782 2823
 2782 2778
 2782 2819
 2783 2784
 2783 2772
 2784 2783
 2785 2786
 2785 2787
 2786 2785
 2787 2785
 2787 2897
 2787 2788
 2788 2903
 2788 2787
 2788 2790
 2789 2791
 2789 2792
 2789 2790
 2790 2779
 2790 2788
 2790 2789
 2791 2871
 2791 2826
 2791 2789
 2791 2870
 2792 2793
 2792 2789
 2793 2792
 2794 2795
 2794 2796
 2794 2797
 2794 2804
 2795 2794
 2796 2815
 2796 2800
 2796 2794
 2797 2799
 2797 2726
 2797 2794
 2797 2798
 2798 2735
 2798 2799
 2798 2801
 2798 2797
 2799 2800
 2799 2797
 2799 2798
 2800 2799
 2800 2802
 2800 2796
 2801 2798
 2802 2800
 2802 2818
 2802 2819
 2803 2804
 2803 2628
 2803 2612
 2804 2815
 2804 2794
 2804 2803
 2805 2807
 2805 2806
 2806 2805
 2807 2808
 2807 2813
 2807 2805
 2808 2807
 2808 2812
 2808 2630
 2809 2810
 2809 2811
 2810 2809
 2811 2809
 2811 2812
 2811 2814
 2812 2808
 2812 2817
 2812 2811
 2812 2813
 2813 2807
 2813 2816
 2813 2812
 2814 2833
 2814 2811
 2814 2846
 2815 2816
 2815 2796
 2815 2804
 2816 2815
 2816 2818
 2816 2813
 2817 2831
 2817 2812
 2817 2845
 2818 2816
 2818 2802
 2818 2827
 2819 2802
 2819 2748
 2819 2782
 2820 2832
 2820 2821
 2820 2822
 2821 2820
 2822 2823
 2822 2819
 2822 2820
 2823 2824
 2823 2826
 2823 2822
 2824 2823
 2824 2868
 2824 2869
 2824 2870
 2825 2826
 2825 2822
 2826 2791
 2826 2872
 2826 2825
 2827 2832
 2827 2818
 2827 2828
 2828 2831
 2828 2827
 2828 2829
 2829 2828
 2829 2830
 2830 2829
 2831 2817
 2831 2828
 2831 2877
 2832 2827
 2832 2820
 2832 2876
 2833 2834
 2833 2621
 2833 2814
 2834 2833
 2834 2837
 2834 2838
 2835 2836
 2835 2837
 2836 2835
 2837 2841
 2837 2834
 2837 2835
 2838 2839
 2838 2840
 2838 2834
 2838 2847
 2839 2838
 2840 2833
 2840 2838
 2840 2846
 2841 2673
 2841 2844
 2841 2837
 2842 2672
 2842 3330
 2842 2843
 2843 2842
 2844 2856
 2844 2841
 2844 2859
 2845 2817
 2845 2849
 2845 2846
 2846 2840
 2846 2845
 2846 2848
 2847 2848
 2847 2840
 2847 2838
 2848 2847
 2848 2849
 2848 2852
 2849 2848
 2849 2850
 2849 2851
 2849 2845
 2850 2849
 2851 2849
 2851 2884
 2851 2877
 2852 2884
 2852 2853
 2853 2855
 2853 2890
 2854 2847
 2854 2852
 2855 2857
 2855 2854
 2856 2857
 2856 2844
 2856 2854
 2857 2863
 2857 2856
 2857 2862
 2858 2853
 2858 2884
 2858 2885
 2859 2860
 2859 2844
 2860 2859
 2861 2856
 2861 2862
 2862 3336
 2862 3300
 2862 2861
 2863 2864
 2863 2857
 2863 2867
 2864 2863
 2864 3336
 2864 3337
 2865 2887
 2865 2866
 2866 2865
 2867 2863
 2867 2887
 2867 2889
 2868 2824
 2869 2824
 2869 2778
 2869 2870
 2870 2791
 2870 2824
 2870 2869
 2871 2791
 2871 2872
 2871 2882
 2871 2875
 2872 2871
 2872 2879
 2872 2876
 2873 2874
 2873 2875
 2874 2873
 2875 2871
 2875 2873
 2875 2925
 2876 2872
 2876 2825
 2876 2832
 2877 2831
 2877 2851
 2877 2878
 2878 2879
 2878 2876
 2878 2877
 2879 2858
 2879 2883
 2879 2878
 2880 2881
 2880 2882
 2881 2880
 2882 2871
 2882 2880
 2882 2883
 2883 2879
 2883 2882
 2883 2932
 2884 2858
 2884 2851
 2884 2878
 2885 2858
 2885 2886
 2886 2885
 2887 2888
 2887 2865
 2887 2867
 2888 2887
 2888 2891
 2888 2894
 2889 2895
 2889 3346
 2889 2867
 2890 2891
 2890 2932
 2891 2855
 2891 2888
 2891 2890
 2892 2893
 2892 2894
 2893 2892
 2894 2888
 2894 2892
 2894 2934
 2895 2896
 2895 2889
 2895 3346
 2896 2895
 2896 3351
 2896 2934
 2897 2904
 2897 2898
 2897 2787
 2898 2897
 2898 2899
 2899 2898
 2900 2901
 2900 2902
 2901 2900
 2902 2903
 2902 2900
 2902 2925
 2903 2788
 2903 2909
 2903 2902
 2904 2897
 2904 2905
 2904 2918
 2905 2904
 2905 2921
 2905 2906
 2906 2905
 2906 2907
 2906 2909
 2907 2906
 2907 2908
 2908 2907
 2909 2903
 2909 2906
 2909 2910
 2910 2911
 2910 2921
 2910 2909
 2911 2912
 2911 2930
 2911 2910
 2912 2911
 2912 2919
 2912 2923
 2913 2914
 2913 2915
 2914 2951
 2914 2913
 2914 2916
 2915 2951
 2915 2913
 2915 2947
 2915 2916
 2915 2965
 2916 2914
 2916 2915
 2916 2764
 2917 2918
 2918 2951
 2918 2904
 2918 2917
 2919 2920
 2919 2912
 2920 2919
 2921 2905
 2921 2922
 2921 2910
 2922 2951
 2922 2921
 2922 2923
 2923 2912
 2923 2922
 2923 2924
 2924 2931
 2924 2947
 2924 2923
 2925 2928
 2925 2875
 2925 2902
 2926 2927
 2926 2928
 2926 2930
 2927 2929
 2927 2926
 2928 2946
 2928 2925
 2928 2926
 2929 2927
 2930 2911
 2930 2931
 2930 2926
 2931 2944
 2931 2930
 2931 2924
 2932 2883
 2932 2933
 2932 2942
 2933 2935
 2933 2891
 2933 2932
 2934 2935
 2934 2896
 2934 2894
 2935 2940
 2935 2933
 2935 2934
 2936 2937
 2936 2938
 2937 2936
 2938 2936
 2938 2939
 2938 2948
 2939 2943
 2939 2938
 2939 2942
 2940 2935
 2940 2933
 2940 2942
 2941 2943
 2941 2956
 2941 2940
 2942 2943
 2942 2939
 2942 2940
 2943 2954
 2943 2939
 2943 2941
 2944 2945
 2944 2931
 2945 2944
 2946 2928
 2946 2947
 2946 2948
 2947 2953
 2947 2946
 2947 2915
 2947 2924
 2948 2938
 2948 2946
 2948 2949
 2949 2948
 2949 2950
 2950 2949
 2951 2952
 2951 2922
 2951 2914
 2951 2915
 2951 2918
 2952 2951
 2953 2954
 2953 2947
 2953 2958
 2954 2953
 2954 2955
 2954 2956
 2955 2961
 2956 2954
 2956 2941
 2957 2961
 2957 2956
 2958 2959
 2958 2953
 2958 2963
 2959 2960
 2959 2958
 2960 2959
 2961 3351
 2961 2955
 2961 2957
 2962 2963
 2963 2962
 2963 2964
 2963 2958
 2964 2963
 2965 2915
 2965 2966
 2966 2965
 2967 23
 2967 2968
 2967 2971
 2968 2967
 2968 2969
 2969 2968
 2970 2975
 2970 2973
 2970 166
 2971 2967
 2971 2972
 2971 2973
 2972 2974
 2972 2971
 2972 2982
 2973 2970
 2973 2971
 2973 2978
 2973 2974
 2974 2978
 2974 2972
 2974 2973
 2975 355
 2975 2970
 2975 171
 2975 2976
 2976 2975
 2976 2977
 2976 2979
 2977 2976
 2978 2979
 2978 2973
 2978 2974
 2979 2976
 2979 2978
 2979 2980
 2979 2998
 2980 2999
 2980 2979
 2980 2981
 2981 2980
 2982 2972
 2983 3071
 2983 2984
 2984 2983
 2984 2985
 2985 3072
 2985 2984
 2986 2987
 2986 2995
 2986 355
 2987 2986
 2987 2988
 2987 366
 2988 2987
 2988 2989
 2989 2988
 2990 2991
 2990 372
 2990 366
 2991 3033
 2991 3018
 2991 2990
 2992 2993
 2992 2994
 2993 2992
 2994 2992
 2994 3001
 2994 2996
 2995 2986
 2995 2996
 2995 2997
 2996 2994
 2996 2995
 2996 3006
 2997 3039
 2997 2995
 2997 3036
 2998 2999
 2998 3001
 2998 2979
 2999 3000
 2999 2980
 2999 2998
 3000 2999
 3000 3071
 3000 3012
 3001 2994
 3001 3002
 3001 2998
 3002 3001
 3002 3003
 3002 3004
 3003 3002
 3003 3005
 3004 3010
 3004 3011
 3004 3002
 3004 3006
 3005 3003
 3006 3007
 3006 2996
 3006 3004
 3007 3008
 3007 3011
 3007 3006
 3008 3007
 3008 3009
 3009 3008
 3010 3016
 3010 3004
 3010 3013
 3011 3007
 3011 3004
 3011 3069
 3012 3071
 3012 3000
 3012 3013
 3013 3010
 3013 3012
 3013 3014
 3014 3015
 3014 3016
 3014 3073
 3014 3013
 3015 3014
 3016 3017
 3016 3010
 3016 3014
 3017 3016
 3017 3068
 3017 3070
 3018 2991
 3018 3021
 3018 373
 3019 3020
 3019 3021
 3020 3019
 3021 3018
 3021 3019
 3021 3028
 3022 669
 3023 3024
 3023 3026
 3023 669
 3024 3023
 3024 3025
 3024 667
 3025 3024
 3025 3028
 3025 3029
 3026 3023
 3026 3027
 3027 3026
 3028 3025
 3028 3021
 3028 3030
 3029 3033
 3029 3034
 3029 3025
 3030 3031
 3030 3028
 3031 3030
 3032 3033
 3032 3037
 3032 2990
 3033 3032
 3033 3059
 3033 3029
 3034 3035
 3034 3029
 3035 3034
 3036 2997
 3037 3039
 3037 3032
 3037 3038
 3038 3058
 3038 3060
 3038 3037
 3039 3040
 3039 2997
 3039 3037
 3040 3039
 3040 3041
 3041 3040
 3042 667
 3042 3043
 3042 3044
 3043 3042
 3044 3079
 3044 3048
 3044 3042
 3045 3059
 3045 3052
 3045 3046
 3046 3055
 3046 3053
 3046 3045
 3047 3048
 3047 3051
 3047 678
 3048 3047
 3048 3049
 3048 3051
 3048 3044
 3049 3048
 3050 1531
 3050 3084
 3050 718
 3051 3047
 3051 3048
 3051 3078
 3052 3064
 3052 3057
 3052 3045
 3053 3056
 3053 3046
 3053 3054
 3054 3053
 3055 3080
 3055 3092
 3055 3046
 3056 3057
 3056 3092
 3056 3053
 3057 3056
 3057 3097
 3057 3052
 3058 3032
 3058 3059
 3058 3038
 3059 3058
 3059 3045
 3059 3066
 3060 3062
 3060 3061
 3060 3038
 3061 3067
 3061 3068
 3061 3060
 3062 3063
 3062 3060
 3063 3062
 3064 3065
 3064 3052
 3065 3064
 3066 3107
 3066 3098
 3066 3067
 3067 3066
 3067 3061
 3067 3058
 3068 3111
 3068 3017
 3068 3106
 3068 3061
 3069 3011
 3070 3111
 3070 3017
 3070 3161
 3071 2983
 3071 3000
 3071 3012
 3071 3072
 3072 3071
 3072 3073
 3072 2985
 3073 3072
 3073 3074
 3073 3014
 3074 3073
 3074 3075
 3075 3074
 3075 3076
 3076 3075
 3077 3083
 3077 3081
 3077 1531
 3078 3079
 3078 3051
 3078 3084
 3079 3080
 3079 3044
 3079 3078
 3080 3079
 3080 3055
 3080 3093
 3080 3088
 3081 3082
 3081 1533
 3081 3077
 3082 3081
 3083 3085
 3083 3077
 3084 3050
 3084 3085
 3084 3078
 3085 3083
 3085 3084
 3085 3086
 3086 3087
 3086 3099
 3086 3085
 3087 3086
 3088 3080
 3088 3089
 3088 3090
 3089 3088
 3089 3099
 3089 3101
 3089 3102
 3090 3088
 3090 3091
 3091 3090
 3092 3055
 3092 3056
 3092 3093
 3093 3095
 3093 3080
 3093 3092
 3093 3094
 3094 3105
 3094 3113
 3094 3093
 3094 3102
 3095 3096
 3095 3097
 3095 3093
 3096 3095
 3097 3095
 3097 3057
 3097 3098
 3098 3097
 3098 3066
 3098 3108
 3099 3089
 3099 1644
 3099 3086
 3100 3103
 3100 1644
 3100 3101
 3101 3089
 3101 3100
 3101 3102
 3102 3089
 3102 3101
 3102 3094
 3103 3104
 3103 1643
 3103 3100
 3103 3112
 3104 3103
 3105 3112
 3105 3113
 3105 3094
 3106 3067
 3106 3107
 3106 3068
 3107 3135
 3107 3106
 3108 3098
 3108 3131
 3108 3109
 3108 3110
 3109 3113
 3109 3108
 3109 3110
 3110 3116
 3110 3109
 3110 3108
 3111 3144
 3111 3068
 3111 3070
 3112 3103
 3112 1664
 3112 3105
 3112 3114
 3113 3105
 3113 3109
 3113 3094
 3114 3112
 3114 3115
 3115 3114
 3116 3133
 3116 3117
 3116 3110
 3117 3116
 3117 3118
 3118 3117
 3119 3120
 3119 3147
 3120 3119
 3121 3122
 3121 3123
 3121 2093
 3122 3123
 3122 3124
 3123 3121
 3123 3125
 3124 2471
 3124 3122
 3124 2469
 3125 2471
 3125 3176
 3125 3123
 3126 3127
 3126 3176
 3126 3209
 3126 3183
 3127 3178
 3127 3181
 3127 3126
 3128 3151
 3128 3147
 3128 2093
 3129 3130
 3129 3210
 3130 3129
 3131 3132
 3131 3108
 3132 3131
 3133 3135
 3133 3116
 3133 3134
 3134 3133
 3135 3136
 3135 3137
 3135 3133
 3136 3135
 3136 3106
 3136 3139
 3137 3138
 3137 3150
 3138 3136
 3138 3137
 3138 3139
 3139 3136
 3139 3138
 3139 3140
 3139 3141
 3140 3139
 3140 3141
 3140 3142
 3141 3145
 3141 3139
 3141 3140
 3142 3143
 3142 3140
 3143 3142
 3144 3111
 3144 3145
 3144 3163
 3145 3144
 3145 3169
 3145 3146
 3145 3141
 3146 3167
 3146 3145
 3146 3326
 3147 3119
 3147 3128
 3147 3155
 3148 3155
 3148 3149
 3148 3150
 3149 3148
 3150 3159
 3150 3148
 3151 3128
 3151 3154
 3151 3152
 3152 3151
 3152 3153
 3152 3211
 3153 3152
 3154 3151
 3154 3213
 3154 3158
 3155 3159
 3155 3147
 3155 3148
 3156 3157
 3156 3158
 3157 3156
 3158 3257
 3158 3154
 3158 3156
 3159 3160
 3159 3257
 3159 3155
 3160 3159
 3160 3138
 3160 3314
 3161 3162
 3161 3070
 3162 3161
 3163 3144
 3163 3164
 3163 3165
 3164 3163
 3164 3166
 3165 3163
 3166 3164
 3167 3168
 3167 3146
 3168 3167
 3169 3145
 3169 3170
 3169 3318
 3170 3169
 3170 3171
 3171 3170
 3172 3173
 3172 3318
 3173 3172
 3174 2471
 3174 3177
 3174 2485
 3175 2485
 3176 3177
 3176 3125
 3176 3126
 3177 3176
 3177 3187
 3177 3174
 3178 3127
 3178 3179
 3178 3180
 3179 3178
 3180 3178
 3180 3187
 3180 3182
 3181 3127
 3181 3185
 3181 3182
 3182 3199
 3182 3200
 3182 3180
 3182 3181
 3183 3212
 3183 3184
 3183 3185
 3183 3209
 3183 3126
 3184 3183
 3185 3183
 3185 3186
 3185 3181
 3185 3214
 3186 3200
 3186 3185
 3186 3202
 3186 3208
 3187 3177
 3187 3180
 3187 3188
 3188 3191
 3188 3187
 3188 3189
 3188 3190
 3189 2491
 3189 3190
 3190 3192
 3190 3218
 3190 3188
 3191 3199
 3191 3192
 3191 3188
 3192 3191
 3192 3193
 3192 3195
 3192 3190
 3193 3192
 3193 3194
 3193 3219
 3194 3193
 3194 3196
 3194 3197
 3195 3199
 3195 3192
 3195 3204
 3195 3197
 3196 3194
 3197 3194
 3197 3195
 3197 3204
 3197 3198
 3198 3224
 3198 3226
 3198 3219
 3198 3197
 3199 3191
 3199 3201
 3199 3195
 3199 3182
 3200 3186
 3200 3203
 3200 3182
 3201 3199
 3201 3205
 3201 3206
 3202 3186
 3202 3203
 3203 3207
 3203 3200
 3203 3202
 3204 3195
 3204 3197
 3204 3205
 3205 3201
 3205 3226
 3205 3204
 3206 3207
 3206 3231
 3206 3201
 3206 3230
 3207 3208
 3207 3203
 3207 3206
 3208 3207
 3208 3186
 3208 3214
 3209 3183
 3209 3210
 3209 3126
 3210 3129
 3210 3211
 3210 3209
 3210 3212
 3211 3152
 3211 3210
 3211 3213
 3212 3183
 3212 3215
 3212 3210
 3213 3216
 3213 3154
 3213 3211
 3214 3215
 3214 3208
 3214 3185
 3215 3216
 3215 3212
 3215 3214
 3216 3215
 3216 3231
 3216 3217
 3216 3244
 3216 3213
 3217 3216
 3218 2521
 3218 3219
 3218 3220
 3218 3190
 3219 3193
 3219 3218
 3219 3221
 3219 3198
 3220 3233
 3220 3218
 3220 3221
 3220 2525
 3221 3223
 3221 3219
 3221 3220
 3221 3222
 3222 3221
 3223 3224
 3223 3234
 3223 3221
 3224 3223
 3224 3225
 3224 3198
 3225 3224
 3225 3226
 3225 3228
 3226 3225
 3226 3227
 3226 3205
 3226 3198
 3227 3226
 3227 3228
 3227 3230
 3228 3225
 3228 3227
 3228 3229
 3229 3232
 3229 3228
 3230 3231
 3230 3227
 3230 3206
 3231 3216
 3231 3241
 3231 3230
 3231 3246
 3231 3206
 3232 3229
 3233 3239
 3233 3235
 3233 3220
 3234 3223
 3234 3239
 3234 3241
 3235 3233
 3235 2532
 3235 3237
 3235 3236
 3236 3239
 3236 3243
 3236 3235
 3236 3238
 3237 3281
 3237 3235
 3237 2533
 3237 3238
 3238 3240
 3238 3282
 3238 3236
 3239 3240
 3239 3233
 3239 3234
 3239 3242
 3239 3236
 3240 3239
 3240 3238
 3241 3231
 3241 3234
 3241 3242
 3241 3252
 3242 3239
 3242 3241
 3242 3243
 3243 3242
 3243 3283
 3243 3236
 3244 3216
 3244 3245
 3244 3246
 3245 3244
 3246 3231
 3246 3247
 3246 3244
 3246 3254
 3247 3248
 3247 3246
 3248 3247
 3249 3250
 3249 3251
 3250 3249
 3251 3256
 3251 3249
 3251 3254
 3252 3256
 3252 3241
 3252 3296
 3253 3255
 3253 3274
 3253 3254
 3254 3251
 3254 3253
 3254 3246
 3255 3253
 3255 3261
 3255 3270
 3256 3275
 3256 3289
 3256 3251
 3256 3252
 3257 3258
 3257 3262
 3257 3158
 3258 3264
 3258 3257
 3258 3160
 3259 3260
 3259 3270
 3260 3263
 3260 3265
 3261 3255
 3262 3259
 3263 3258
 3263 3262
 3264 3263
 3264 3265
 3264 3258
 3265 3264
 3265 3267
 3265 3276
 3266 3264
 3266 3267
 3266 3268
 3267 3266
 3267 3317
 3267 3269
 3268 3312
 3268 3266
 3268 3315
 3269 3279
 3269 3267
 3269 3278
 3270 3271
 3270 3255
 3270 3274
 3271 3260
 3271 3270
 3272 3273
 3272 3306
 3273 3272
 3274 3275
 3274 3276
 3274 3253
 3275 3256
 3275 3299
 3275 3277
 3276 3271
 3276 3265
 3276 3274
 3277 3275
 3277 3276
 3277 3301
 3278 3321
 3278 3308
 3278 3269
 3279 3323
 3279 3269
 3279 3317
 3280 2534
 3281 2647
 3281 3282
 3281 3237
 3281 3286
 3282 3281
 3282 3283
 3282 3238
 3283 3282
 3283 3243
 3283 3284
 3284 3283
 3284 3285
 3284 3286
 3285 3284
 3286 3295
 3286 3281
 3286 3284
 3287 3295
 3287 3288
 3287 3289
 3288 3287
 3288 3302
 3289 3287
 3289 3296
 3289 3256
 3290 3291
 3290 2646
 3291 2674
 3291 2649
 3291 3290
 3292 3290
 3292 3286
 3292 3293
 3292 3294
 3293 3292
 3294 3295
 3294 2674
 3294 3292
 3295 3287
 3295 3294
 3295 3286
 3296 3289
 3296 3297
 3296 3252
 3297 3296
 3297 3298
 3298 3297
 3299 3303
 3299 3300
 3299 2861
 3300 3299
 3300 3332
 3300 3277
 3301 3306
 3301 3307
 3301 3277
 3302 3288
 3303 3304
 3303 2674
 3303 3299
 3304 3303
 3304 3305
 3304 3331
 3305 3304
 3306 3272
 3306 3308
 3306 3301
 3307 3311
 3307 3309
 3307 3301
 3308 3311
 3308 3306
 3308 3278
 3309 3307
 3309 3310
 3310 3309
 3311 3347
 3311 3307
 3311 3308
 3311 3332
 3312 3313
 3312 3314
 3312 3268
 3313 3312
 3314 3160
 3314 3316
 3314 3312
 3315 3268
 3316 3266
 3316 3314
 3316 3317
 3317 3279
 3317 3329
 3317 3316
 3318 3319
 3318 3169
 3318 3172
 3319 3320
 3319 3318
 3320 3319
 3320 3328
 3320 3329
 3320 3326
 3321 3322
 3321 3278
 3322 3321
 3323 3279
 3323 3324
 3323 3325
 3324 3323
 3324 3349
 3325 3323
 3326 3327
 3326 3320
 3326 3146
 3327 3326
 3328 3320
 3328 3316
 3329 3320
 3330 2842
 3331 3304
 3332 3311
 3332 3300
 3332 3333
 3332 3334
 3333 3335
 3333 3336
 3333 3332
 3334 3343
 3334 3332
 3334 3340
 3335 3339
 3335 3333
 3336 2864
 3336 3333
 3336 2862
 3337 2864
 3337 3338
 3337 3340
 3338 3337
 3338 3339
 3339 3335
 3339 3338
 3340 3337
 3340 3341
 3340 3334
 3341 3340
 3341 3342
 3342 3341
 3343 3344
 3343 3345
 3343 3334
 3344 3343
 3344 3345
 3344 3346
 3345 3343
 3345 3344
 3345 3349
 3346 2895
 3346 3344
 3346 2889
 3347 3311
 3347 3348
 3348 3347
 3349 3345
 3349 3324
 3349 3350
 3350 3349
 3351 3352
 3351 2961
 3351 2896
 3352 3351
